2mm_STANDARD
25.50
25.53
25.57
25.60
3mm_STANDARD
37.64
37.43
37.44
all
blackscholes
83.94
82.99
cholesky_STANDARD
6.95
6.94
6.97
6.94
6.95
6.98
6.91
6.92
6.94
6.90
6.92
6.95
6.95
doitgen_STANDARD
15.36
15.34
15.31
15.30
15.33
15.27
durbin_STANDARD
12.65
12.73
12.69
12.71
12.63
12.64
12.63
12.62
ep.A.g
10.75
10.81
10.79
10.77
10.78
10.79
10.79
10.78
10.83
ft.A
3.44
3.40
3.38
3.42
3.37
3.40
3.36
3.40
3.34
3.35
3.35
3.39
3.37
3.38
3.39
3.39
3.36
3.38
3.35
3.41
3.40
3.40
3.41
3.36
3.37
3.41
3.38
gemm_STANDARD
32.63
32.42
32.80
gemver_STANDARD
14.72
14.67
14.65
14.65
14.67
14.56
14.66
gesummv_STANDARD
8.01
8.01
7.97
8.03
8.06
8.01
7.92
8.08
7.93
7.96
7.97
8.00
gramschmidt_STANDARD
28.64
28.14
28.71
28.43
jacLR
15.62
15.57
15.58
15.62
15.44
15.68
mvt_STANDARD
19.33
19.30
19.21
19.37
19.41
stream_d0
9.02
8.85
8.94
8.92
8.88
8.88
8.93
8.87
8.79
8.93
8.89
syr2k_STANDARD
18.71
18.53
18.71
18.71
18.66
syrk_STANDARD
18.17
18.44
18.23
18.20
18.17
trisolv_STANDARD
7.90
7.96
7.94
8.00
7.95
7.92
7.98
7.94
7.98
7.96
7.93
7.97
trmm_STANDARD
16.56
16.65
16.56
16.76
16.63
16.66
