2mm_STANDARD
25.44
25.50
25.47
25.48
3mm_STANDARD
37.60
37.38
37.50
all
blackscholes
83.98
81.12
cholesky_STANDARD
6.83
6.79
6.83
6.83
6.82
6.82
6.83
6.85
6.80
6.83
6.82
6.83
6.78
6.82
doitgen_STANDARD
16.14
17.25
17.40
17.44
17.57
16.18
durbin_STANDARD
12.39
12.37
12.54
12.42
12.40
12.45
12.43
12.41
ep.A.g
10.83
10.83
10.83
10.87
10.87
10.89
10.78
10.82
10.87
ft.A
3.32
3.32
3.32
3.29
3.42
3.35
3.32
3.30
3.28
3.33
3.36
3.39
3.30
3.36
3.41
3.33
3.27
3.30
3.27
3.26
3.29
3.34
3.30
3.31
3.31
3.32
3.38
gemm_STANDARD
32.31
32.28
32.44
gemver_STANDARD
14.52
14.50
14.43
14.46
14.49
14.50
14.44
gesummv_STANDARD
7.60
7.53
7.57
7.59
7.57
7.57
7.59
7.59
7.63
7.59
7.60
7.61
gramschmidt_STANDARD
28.69
28.52
28.61
28.35
jacLR
14.12
13.94
14.01
14.03
13.92
13.91
13.93
mvt_STANDARD
19.22
19.31
19.16
19.29
19.23
stream_d0
7.90
7.81
7.81
7.78
7.95
7.83
7.90
7.83
7.85
7.88
7.87
7.92
syr2k_STANDARD
17.75
17.81
17.78
17.96
17.91
17.74
syrk_STANDARD
17.21
17.29
17.25
17.19
17.38
17.32
trisolv_STANDARD
7.89
8.00
7.90
7.93
7.87
7.92
7.90
7.88
7.90
7.92
7.90
7.91
trmm_STANDARD
15.55
15.60
15.72
15.68
15.57
15.56
