Bench	PID		time	Instr Ret	Unh Clk Cycles	l2 trans reqs	l1lines	l2lines	Per Core bw	Power	Power2	Power3	bandwidth	 	IPC	MEM INTENSIITY	L2->L1 BW (MB)	L3->L2 BW (MB)	MM->L3 BW (MB)	L2 REUSE	L3 REUSE
jacLR_ft
	53934		 14990   	3570031746.89	7141868422.73	3963222.78	160857380.63	107370782.31	104787114.10	4.05	0	97.00	0	0	.54	3963222.78	12.02	7.99	7.80	1.45	.97
	53936		  4651   	5702575929.40	6331508429.80	3040976.20	249837849.40	43622192.80	25592090.40	40.60	0	97.00	0	0	.86	3040976.20	17.55	3.04	1.78	5.33	1.63
	53954		  4867   	5760471244.80	6604691321.20	3203628.20	250220649.00	50820724.20	25387957.80	35.00	0	97.00	0	0	.82	3203628.20	16.62	3.36	1.67	4.38	1.87
	53959		  4659   	5794629540.20	6572742487.80	3292446.20	250106166.80	56615397.80	25512636.60	33.40	0	97.00	0	0	.84	3292446.20	17.98	4.04	1.79	4.14	2.10
jacLR_gemver_STANDARD
	54034		 14902   	3968336282.88	7918806380.17	4566276.17	179813630.17	119830155.82	117237007.41	2.64	0	97.00	0	0	.49	4566276.17	12.43	8.28	8.10	1.41	.96
	54036		 11313   	3051032535.33	8412992244.41	32722730.58	190625088.33	142175548.33	32894723.66	42.91	0	97.00	0	0	.36	32722730.16	12.76	9.51	2.18	1.34	4.38
	54054		  2733   	2927262175.66	7994533191.66	30176087.00	174673912.66	135678133.66	30185558.66	26.66	0	97.00	0	0	.36	30176086.66	12.41	9.63	2.14	1.29	4.53
jacLR_gesummv_STANDARD
	54077		 15533   	3745631211.11	7812521944.94	4250690.38	169780647.05	113236638.88	111043076.22	2.33	0	97.00	0	0	.51	4250690.38	12.10	8.05	7.89	1.52	1.02
	54079		 11691   	3671540391.58	8480924692.08	74395.16	59404233.58	47270597.41	45359762.25	44.25	0	97.00	0	0	.43	74395.16	3.88	3.08	2.96	1.25	1.04
	54097		  3378   	3034974384.00	6866094194.25	81026.50	48396379.00	38433652.50	36972101.75	27.00	0	97.00	0	0	.43	81026.50	3.68	2.93	2.82	1.25	1.04
jacLR_mvt_STANDARD
	54168		 14385   	3974187589.41	7693128632.11	4554101.88	179819656.82	119817881.41	117195760.35	.47	0	97.00	0	0	.51	4554101.88	12.87	8.57	8.38	1.42	1.13
	54170		 13638   	2694116543.50	8724293172.14	39694740.14	198722395.00	168635576.00	29777505.00	44.50	0	97.00	0	0	.30	39694740.14	13.00	11.04	1.94	1.17	5.70
	54193		   212   	502183181.00	1262660999.00	28329.00	625870.00	640717.00	527420.00	0	0	97.00	0	0	.39	28329.00	.18	.19	.15	.98	1.21
jacLR_trisolv_STANDARD
	54316		 14795   	3963770473.00	7876334085.00	4538260.70	179851378.23	119851239.41	117437659.11	2.52	0	97.00	0	0	.49	4538260.70	12.16	8.19	8.02	1.40	.96
	54318		  9149   	3712360317.77	8823522063.11	66568.33	40127849.11	36724656.66	29902962.44	45.22	0	97.00	0	0	.42	66568.33	2.53	2.31	1.88	1.09	1.22
	54341		  5630   	3411304184.33	8110811162.16	53495.83	36845258.50	33752028.00	27466225.33	34.83	0	97.00	0	0	.42	53495.83	2.51	2.30	1.87	1.09	1.22
jacLR_trmm_STANDARD
	54364		 14011   	4807569610.50	9023458604.78	5303149.21	218401319.50	146375618.14	141815559.64	0	0	97.00	0	0	.53	5303149.21	13.96	9.35	9.06	1.49	1.03
	54366		 28467   	9226583083.33	7817429899.87	2556144.93	149150443.33	172648030.39	26763992.90	41.90	0	97.00	0	0	1.33	2556144.93	11.51	13.44	1.75	.86	59.91
	54384		 13989   	4809281094.28	9012536057.92	5276860.42	218362924.21	145719295.78	141789354.00	0	0	97.00	0	0	.53	5276860.42	13.98	9.33	9.07	1.50	1.03
	54395		   243   	1022312854.00	1973284301.00	917365.00	39025454.00	25814670.00	25027475.00	0	0	97.00	0	0	.51	917365.00	10.27	6.79	6.59	1.51	1.03
stream_d0_ft
	55105		  8199   	3987676854.36	6333008601.45	81985.09	116392979.45	116586374.09	113570060.90	3.63	0	97.00	0	0	.62	81985.09	8.43	8.45	8.23	.94	1.39
	55107		  4646   	5750386164.20	6319755543.20	3175613.20	249940778.60	49055263.20	25283002.40	41.20	0	97.00	0	0	.87	3175613.20	17.53	3.43	1.75	4.71	1.84
	55126		  3046   	3470645613.80	3717319533.00	1669663.40	146145044.20	27566890.20	15969030.40	17.20	0	97.00	0	0	.95	1669663.40	18.71	3.17	1.42	3.93	8.69
stream_d0_gemver_STANDARD
	55205		  8528   	4869527130.11	8061226337.22	150592.22	142364115.66	142590486.44	138845726.00	0	0	97.00	0	0	.72	150592.22	9.18	9.20	8.96	.99	1.02
	55207		 10430   	2782698912.92	7294104939.38	28900224.00	175893041.69	134652322.53	30313838.07	36.30	0	97.00	0	0	.37	28900224.00	14.13	10.92	2.32	1.29	5.30
	55235		  1324   	3152777070.00	5284155651.50	76942.00	89175257.50	89999975.00	84821517.00	0	0	97.00	0	0	.59	76942.00	9.32	9.38	8.97	.99	1.05
stream_d0_gesummv_STANDARD
	55258		  9210   	4383147948.90	7849220088.60	150496.00	128105103.60	128319219.40	125123179.10	0	0	97.00	0	0	.51	150496.00	8.17	8.18	7.98	.93	1.39
	55260		  9993   	3701606320.54	8067716855.54	68317.36	64769821.72	51520971.45	49408589.54	39.72	0	97.00	0	0	.46	68317.36	4.74	3.77	3.61	1.25	1.04
	55284		  2073   	5881553609.00	7942078504.00	153866.00	162428480.00	164243278.00	153988101.00	36.00	0	65.00	0	0	.74	153866.00	10.03	10.15	9.51	.99	1.07
stream_d0_mvt_STANDARD
	55350		  8107   	4868082828.88	7651049138.33	200623.88	142380907.22	142622560.55	138779356.66	0	0	97.00	0	0	.57	200623.88	9.09	9.10	8.86	.93	1.45
	55352		 12417   	2470218553.86	7540180951.80	35805848.80	185373765.20	155588718.66	27731950.60	37.20	0	97.00	0	0	.32	35805848.66	13.93	11.68	2.08	1.19	6.20
	55375		  3377   	3548362880.60	5741194220.40	151823.00	106735118.00	107144721.80	103493232.80	0	0	97.00	0	0	0	151823.00	8.37	8.40	8.13	.79	.82
stream_d0_trisolv_STANDARD
	55453		  8307   	4867731556.00	7847773894.33	221894.33	142357481.44	142584448.77	138904254.88	0	0	97.00	0	0	.81	221894.33	9.17	9.18	8.95	.99	1.02
	55455		  8460   	3261255522.20	7507544886.40	43664.70	36078933.40	33082492.50	26884025.80	37.70	0	97.00	0	0	.44	43664.70	2.80	2.56	2.08	1.09	1.22
	55473		  1004   	5819684683.00	7870791154.00	84313.00	160528517.00	162372593.00	152150140.00	35.00	0	65.00	0	0	.73	84313.00	10.23	10.35	9.69	.99	1.07
stream_d0_trmm_STANDARD
	55499		  7837   	5476717414.12	8315572540.37	121563.12	160126103.50	160397196.62	155207770.62	0	0	97.00	0	0	.68	121563.12	10.32	10.34	10.01	.99	1.03
	55501		 26102   	9512016676.28	7408723227.12	2582185.21	153799337.09	177894342.21	29938061.68	40.50	0	97.00	0	0	1.48	2582185.21	12.52	14.64	1.95	.86	90.20
	55519		  7868   	5479389155.12	8332708281.87	224906.37	160110428.00	160382812.87	155185215.37	0	0	97.00	0	0	.68	224906.37	10.30	10.32	9.99	.99	1.03
	55524		  7830   	5477631458.62	8336491964.00	132739.12	160166121.37	160424976.37	155193422.62	0	0	97.00	0	0	.68	132739.12	10.34	10.35	10.02	.99	1.03
	55529		  1781   	4787853867.00	7474942011.50	93036.50	139638915.50	140573833.00	133447187.00	0	0	97.00	0	0	.63	93036.50	10.18	10.24	9.75	.99	1.05
