Bench	PID		time	Instr Ret	Unh Clk Cycles	l2 trans reqs	l1lines	l2lines	Per Core bw	Power	Power2	Power3	bandwidth	 	IPC	MEM INTENSIITY	L2->L1 BW (MB)	L3->L2 BW (MB)	MM->L3 BW (MB)	L2 REUSE	L3 REUSE
2mm_STANDARD_doitgen_STANDARD
	54716		 11190   	3056111849.41	8453505333.58	10082174.58	364140670.08	360515600.41	2699642.41	0	0	97.00	0	0	.36	10082174.58	24.07	23.84	.17	1.01	141.45
	54718		 14459   	13021517847.76	7774260922.76	64464.35	1644543403.58	5370344.70	4265419.00	41.47	0	97.00	0	0	1.67	64464.35	121.41	.38	.31	318.04	1.24
	54736		  2346   	2655911525.33	7086568850.66	8285610.66	298528887.66	292584688.33	4603116.66	0	0	97.00	0	0	.37	8285610.66	24.52	24.03	.37	1.02	64.97
3mm_STANDARD_doitgen_STANDARD
	55322		 16191   	2722247203.15	7789093040.05	8937023.31	343177268.84	341433410.63	1659382.15	2.57	0	97.00	0	0	.35	8937023.31	23.83	23.71	.11	1.00	384.73
	55324		 14618   	14759161081.46	8805751704.40	105806.73	1863430371.86	6225820.66	4878258.20	48.40	0	97.00	0	0	1.67	105806.73	121.85	.40	.31	299.83	1.27
	55342		  1061   	7762718899.00	4668094866.50	55846.00	978550974.50	3406981.50	2633658.00	1.00	0	97.00	0	0	1.61	55846.00	108.55	.35	.29	307.40	1.18
blackscholes_doitgen_STANDARD
	56194		 84868   	8329516884.09	5868608872.44	227305.03	16561385.85	25818537.33	4651385.56	2.31	0	97.00	0	0	0	227305.03	1.11	1.73	.31	.71	63.73
	56196		 14431   	14750651817.20	8788791625.13	73181.66	1864164761.86	6098379.86	4471392.93	36.53	0	97.00	0	0	1.67	73181.66	123.05	.40	.29	306.17	1.36
	56211		 14639   	14760890629.73	8834435144.40	70691.00	1864916912.60	6016383.26	4841740.73	43.06	0	97.00	0	0	1.67	70691.00	121.90	.39	.31	310.89	1.24
	56219		 14611   	14759701969.93	8821746385.86	74674.53	1864770448.60	5961224.06	4902915.40	43.40	0	97.00	0	0	1.67	74674.53	122.09	.38	.32	313.59	1.21
	56224		 14623   	14760043653.20	8826887478.33	77772.00	1864900363.80	6137480.46	4899752.40	43.40	0	97.00	0	0	1.67	77772.00	122.08	.40	.32	304.68	1.25
	56229		 14533   	14759968268.13	8821970595.13	72987.40	1864724289.33	6019336.86	4793121.66	41.13	0	65.00	0	0	1.67	72987.40	122.94	.39	.31	310.22	1.26
	56234		  9341   	14358688610.80	8573627146.80	73372.40	1813280999.50	5893876.70	4202118.40	30.80	0	65.00	0	0	1.67	73372.40	124.23	.40	.28	308.36	1.40
cholesky_STANDARD_doitgen_STANDARD
	57637		  6285   	15500890831.85	8075823542.71	8376831.42	343442789.14	454403503.14	1433737.28	0	0	97.00	0	0	1.91	8376831.42	23.68	31.32	.09	.75	331.38
	57639		 14473   	11648269934.31	6966257445.89	745351.84	1467060715.68	11117333.52	3714979.26	37.36	0	97.00	0	0	1.67	745351.84	114.35	.85	.28	138.94	2.99
	57657		  6243   	15501219137.42	8073018881.14	8431358.28	343644563.85	453922447.42	1382417.85	0	0	97.00	0	0	1.92	8431358.28	23.99	31.63	.09	.76	342.81
	57662		   295   	4695475157.00	2507535692.00	2667441.00	104154681.00	139805344.00	891174.00	0	0	97.00	0	0	1.87	2667441.00	22.59	30.33	.19	.74	156.88
durbin_STANDARD_doitgen_STANDARD
	58218		 14330   	11654796952.00	6974445322.63	59772.10	1471507724.78	4814526.15	3763924.26	2.42	0	97.00	0	0	1.66	59772.10	109.89	.35	.27	334.61	1.26
	58220		  6398   	1247479535.00	4252571604.28	11324288.00	93463344.57	70422642.71	7871257.57	38.28	0	97.00	0	0	.27	11324288.00	6.41	4.86	.51	1.31	11.12
	58238		  6397   	1247783190.57	4258882587.00	11345927.28	93472658.57	70519568.71	7871307.28	32.42	0	97.00	0	0	.27	11345927.28	6.42	4.88	.51	1.31	11.14
	58243		   130   	57430410.00	145284729.00	4771.00	26873.00	18572.00	738.00	0	0	97.00	0	0	.39	4771.00	.01	0	0	1.45	25.17
ep
	58951		 10471   	6450425706.27	8653992358.90	121350.72	14518878.63	15248325.72	299004.54	0	0	97.00	0	0	.74	121350.72	.96	1.01	.02	.95	50.88
	58953		 14492   	13020048169.70	7768512126.82	150158.17	1642526800.82	6165797.64	4053473.64	39.47	0	97.00	0	0	1.67	150158.17	118.22	.44	.28	275.03	1.51
	58971		  3384   	5769674985.50	7748840047.50	102749.50	13949012.50	15255093.75	264697.00	0	0	97.00	0	0	.74	102749.50	1.05	1.15	.01	.91	60.48
gemm_STANDARD_doitgen_STANDARD
	58325		 14524   	13833000268.31	8259817496.43	157151.50	1744667317.25	6692464.43	4557956.00	0	0	97.00	0	0	1.67	157151.50	123.31	.47	.31	262.22	1.47
	58327		 14329   	3239632978.13	8668104077.86	11416084.80	364354169.00	360478386.73	1826784.53	48.33	0	97.00	0	0	.37	11416084.80	24.04	23.78	.11	1.01	202.09
	58345		  1003   	3348232315.00	8881106040.00	11690197.00	373468489.00	368759123.00	840869.00	33.00	0	65.00	0	0	.37	11690197.00	23.83	23.53	.05	1.01	438.55
gramschmidt_STANDARD_doitgen_STANDARD
	58455		 14409   	13024041930.58	7780534142.29	63925.17	1644469105.88	5390940.52	3916731.82	2.70	0	97.00	0	0	1.66	63925.17	115.63	.36	.27	328.72	1.34
	58457		 13094   	1121233728.46	6097818731.07	62441578.30	211085799.84	210191502.53	239671.38	45.38	0	97.00	0	0	.18	62441579.07	13.42	13.37	.01	1.00	1016.16
	58475		  1271   	718374613.00	3899029048.50	39257866.00	134202730.00	133583022.00	371319.50	4.50	0	97.00	0	0	.20	39257864.50	10.58	10.53	.02	1.00	750.69
syrk_STANDARD_doitgen_STANDARD
	58590		 14699   	14761020681.53	8823595749.66	83483.60	1864000289.53	6094244.40	4934164.73	0	0	97.00	0	0	1.67	83483.60	121.27	.39	.32	306.84	1.23
	58592		 14973   	21606575421.37	8538821539.56	3804938.81	337900257.12	337884539.56	2016193.18	47.93	0	97.00	0	0	2.53	3804938.81	23.16	23.16	.13	1.00	247.29
	58610		  1003   	14862535265.00	8878394682.00	95925.00	1877405444.00	6373559.00	4411156.00	35.00	0	65.00	0	0	1.67	95925.00	119.79	.40	.28	294.56	1.44
