Bench	PID		time	Instr Ret	Unh Clk Cycles	l2 trans reqs	l1lines	l2lines	Per Core bw	Power	Power2	Power3	bandwidth	 	IPC	MEM INTENSIITY	L2->L1 BW (MB)	L3->L2 BW (MB)	MM->L3 BW (MB)	L2 REUSE	L3 REUSE
ft
	54814		 11663   	2165967419.05	6287971045.00	7849457.23	257329366.82	253704903.29	3612360.41	4.76	0	97.00	0	0	.34	7849457.23	21.79	21.50	.27	1.01	1733.56
	54816		  3164   	7109890323.75	5100204375.25	4280460.75	312441878.00	54081079.00	27023179.75	34.75	0	97.00	0	0	1.51	4280460.75	22.75	3.75	1.96	6.43	1.82
	54835		  3131   	7121987620.00	5054886280.00	4282341.50	312490454.25	53155469.00	27713530.25	24.00	0	97.00	0	0	1.52	4282341.50	22.62	3.68	1.99	6.51	1.77
	54840		  3236   	7124508626.75	5177562899.50	4351976.75	312489299.50	57337911.25	27227947.50	24.75	0	97.00	0	0	1.44	4351976.75	24.60	4.33	2.04	5.56	2.10
	54845		  1004   	4417292057.00	5397656871.00	1170176.00	170753060.00	32977903.00	16897857.00	26.00	0	65.00	0	0	.81	1170176.00	10.88	2.10	1.07	5.18	1.95
ft
	55422		 17049   	2074788623.44	6216790804.28	7243765.36	261107006.20	259592271.56	3481631.88	5.84	0	97.00	0	0	.33	7243765.36	21.07	20.95	.27	1.00	2767.84
	55424		  3143   	7110998648.00	5099260087.50	4284211.25	312415679.50	53772534.00	26957338.50	34.00	0	97.00	0	0	1.52	4284211.25	22.77	3.74	1.96	6.42	1.82
	55443		  3182   	7116109407.25	5127248334.50	4335601.25	312481022.50	54319751.50	26982765.50	24.50	0	97.00	0	0	1.47	4335601.25	24.78	4.05	2.08	6.10	1.91
	55448		  3334   	7226849506.50	5481053759.50	4509167.50	312603959.00	73076916.25	27237824.00	26.25	0	97.00	0	0	1.29	4509167.50	25.26	5.91	2.19	4.11	2.63
	55458		  3183   	7113390431.00	5148792408.25	4279735.75	312505205.75	53525688.25	27478160.75	24.75	0	97.00	0	0	1.46	4279735.75	25.69	4.12	2.15	6.11	1.90
	55463		   689   	1052829246.00	3378190202.00	314489.00	20039014.00	11912112.00	8106003.00	0	0	97.00	0	0	.31	314489.00	1.86	1.10	.75	1.68	1.47
ft
	56471		 83071   	6483236069.48	4591909537.81	139399.32	12874122.52	20113050.09	3649206.62	5.88	0	97.00	0	0	0	139399.32	1.02	1.60	.29	.78	105.99
	56473		  3074   	7137550266.00	5085499555.50	4194572.50	312622816.50	58559551.50	26867536.50	25.00	0	97.00	0	0	0	4194572.50	19.94	3.73	1.71	4.13	1.89
	56493		  3612   	7114932119.50	4841789085.25	3957459.00	312593994.50	53614989.50	26837696.00	21.00	0	97.00	0	0	1.29	3957459.00	24.58	4.14	2.06	4.88	1.90
	56498		  3015   	9491395472.33	6589728645.66	5377350.66	416797133.00	72110353.66	35797276.00	22.66	0	97.00	0	0	1.34	5377350.66	26.49	4.58	2.27	5.60	2.03
	56503		  3006   	9489442613.00	6680988330.33	5395904.33	416709799.00	73270400.33	35791948.33	22.66	0	97.00	0	0	1.33	5395904.33	26.62	4.68	2.28	5.51	2.03
	56508		  3175   	7183884470.75	5261197610.00	4141479.75	312482521.00	66594333.00	26896354.50	70368744161299.00	0	97.00	0	0	1.41	4141479.75	24.60	5.12	2.07	4.74	2.45
	56516		  3137   	7120752177.50	5088207228.75	4167623.75	312467659.00	52534377.50	27537292.25	23.00	0	97.00	0	0	1.51	4167623.75	24.68	3.85	2.16	6.57	1.75
	56521		  3186   	7117306709.75	5093073704.75	4121024.25	312458337.50	52849465.00	27811742.00	24.00	0	97.00	0	0	1.51	4121024.25	23.41	3.74	2.06	6.50	1.75
	56526		  3126   	7116609843.00	5076173443.50	4207726.25	312425167.50	53731369.00	27134122.50	23.25	0	97.00	0	0	1.48	4207726.25	25.73	4.11	2.21	6.20	1.84
	56531		  3166   	7129411829.75	5137873753.00	4171422.75	312495682.00	55237303.00	27612543.00	23.50	0	97.00	0	0	1.45	4171422.75	25.30	4.22	2.16	5.91	1.93
	56536		  3160   	7122350994.50	5117702002.25	4213574.25	312467489.50	54265222.25	27521113.50	23.75	0	97.00	0	0	1.46	4213574.25	24.74	4.07	2.14	6.04	1.88
	56541		  3122   	7122117753.50	5017794929.25	4159910.75	312485830.00	52742137.25	27623535.50	23.25	0	97.00	0	0	1.54	4159910.75	21.69	3.54	1.91	6.62	1.75
	56546		  3130   	7138376530.25	5066041870.25	4209112.00	312510027.00	55967448.25	27510865.50	23.25	0	97.00	0	0	1.49	4209112.00	23.01	3.95	2.01	6.04	1.90
	56551		  3079   	7124151063.25	5003082735.50	4121082.00	312464294.00	52689632.25	27651404.75	23.00	0	97.00	0	0	1.44	4121082.00	20.21	3.39	1.78	6.47	1.77
	56556		  3122   	7124820918.25	5028291524.75	4152223.50	312501783.00	53883412.25	27654791.00	23.50	0	97.00	0	0	1.51	4152223.50	21.32	3.59	1.88	6.34	1.81
	56561		  3161   	7141810304.50	5100837055.00	4181300.25	312499701.75	57122782.50	27840001.25	23.50	0	97.00	0	0	1.49	4181300.25	23.93	4.16	2.11	5.84	1.92
	56566		  3120   	7131085128.00	5083550208.50	4169780.75	312468914.75	55991779.75	27770833.00	23.25	0	97.00	0	0	1.49	4169780.75	22.80	3.93	2.01	6.00	1.89
	56571		  3159   	8004216580.60	5763990485.40	3322334.00	255284605.80	52642661.20	24056648.00	18.80	0	97.00	0	0	1.47	3322334.00	18.25	3.64	1.70	5.02	2.59
	56576		  3165   	7140344312.75	5100693562.50	4111685.50	312513331.00	57679030.00	28435882.25	23.50	0	97.00	0	0	1.49	4111685.50	22.35	4.00	2.01	5.75	1.93
	56582		  2976   	9493352253.66	6647271365.00	5448621.66	416801302.00	71342211.33	35891913.66	22.66	0	97.00	0	0	1.33	5448621.66	27.16	4.64	2.33	5.66	1.99
	56587		  3381   	7112717291.25	4857189340.00	4035907.00	312588200.00	53954452.50	26824996.25	19.50	0	97.00	0	0	1.32	4035907.00	27.14	4.53	2.24	4.90	1.92
	56592		  4417   	7120741882.25	4946987743.75	4165623.25	312574112.50	54054321.25	26838713.00	18.00	0	97.00	0	0	0	4165623.25	19.94	3.44	1.71	4.43	1.79
	56597		  2028   	4429978591.00	5376475675.00	1225513.00	170208282.00	35676077.00	16545709.00	26.00	0	65.00	0	0	.82	1225513.00	10.74	2.25	1.04	4.77	2.16
ft
	57734		  6310   	12063172046.00	6436566018.88	6646702.11	268181259.44	355203668.11	1727255.00	4.55	0	97.00	0	0	1.88	6646702.11	21.94	29.00	.14	.76	4875.72
	57736		  3179   	7135398744.00	5177224580.00	4529651.75	312517102.25	58829636.25	27621324.00	35.00	0	97.00	0	0	1.44	4529651.75	24.27	4.40	2.10	5.46	2.07
	57755		  2215   	4374221645.33	4232545321.00	2183580.00	178924005.33	32732527.33	17041838.33	17.33	0	97.00	0	0	1.23	2183580.00	24.34	4.08	2.02	5.60	1.98
ft
	58719		  6412   	880393864.60	3031727845.20	8388442.60	65374423.70	49427081.40	5680132.90	3.30	0	97.00	0	0	.22	8388442.60	5.60	4.29	.40	1.29	85.53
	58721		  3069   	9491300031.33	6908400645.00	5378905.66	416855691.00	69562291.66	37268664.33	36.66	0	97.00	0	0	1.26	5378905.66	25.62	4.28	2.29	5.74	1.88
	58740		  3066   	7132002187.00	5168315117.25	4134579.50	312673497.50	59900415.25	28073671.25	19.50	0	97.00	0	0	0	4134579.50	19.95	3.82	1.79	3.79	1.60
	58745		  2026   	4440819088.00	5620678619.00	1223646.00	173126015.00	36480405.00	18023555.00	25.00	0	65.00	0	0	.79	1223646.00	10.93	2.30	1.13	4.75	2.02
ft
	59037		 10402   	4734086979.06	6384458407.73	75492.40	10818365.60	11536624.33	2306939.86	4.93	0	97.00	0	0	.71	75492.40	.86	.92	.20	.95	13604.60
	59039		  3132   	7119775464.50	5126747937.25	4140863.25	312515151.00	55721506.25	27760058.25	31.25	0	97.00	0	0	1.49	4140863.25	24.30	4.09	2.14	6.03	1.87
	59057		  3149   	7116052995.25	5091841713.50	4156869.00	312433271.75	53112520.00	27333738.50	22.25	0	97.00	0	0	1.49	4156869.00	24.78	3.95	2.14	6.27	1.81
	59062		  2251   	4676486077.33	4342639139.00	2237351.00	192315242.66	35408800.33	17408577.33	16.33	0	97.00	0	0	1.26	2237351.00	24.97	4.22	1.95	5.53	2.10
ft
	59548		 14867   	2324005687.76	6480663052.23	8942960.66	260729566.38	257576155.14	3678337.33	5.90	0	97.00	0	0	.36	8942960.66	20.58	20.33	.28	1.01	403.20
	59550		  3152   	7110879207.25	5088121747.50	4343040.50	312461992.75	53221294.50	27340949.25	34.50	0	97.00	0	0	1.52	4343040.50	22.44	3.67	1.95	6.44	1.79
	59569		  3106   	7122027481.75	5030337983.75	4211422.75	312513302.75	53262905.25	27432227.25	24.00	0	97.00	0	0	1.50	4211422.75	20.55	3.46	1.80	6.44	1.79
	59574		  3166   	7147245542.00	5130291046.75	4356349.00	312639435.25	57306538.25	27276718.25	24.75	0	97.00	0	0	1.47	4356349.00	23.96	4.19	2.08	5.78	1.96
	59579		  2586   	6880276538.33	5402198452.66	3970242.00	294559106.00	53621844.00	26458024.33	23.66	0	97.00	0	0	1.28	3970242.00	25.85	4.62	2.27	5.38	2.03
ft
	60751		 13151   	767129408.42	4207593563.10	43682749.94	144640335.47	143820491.89	935258.78	5.57	0	97.00	0	0	.19	43682749.73	11.10	11.04	.06	.95	695.45
	60753		  3111   	7137330508.00	5168627879.75	4375943.25	312618945.25	58734516.50	27176851.25	30.75	0	97.00	0	0	0	4375943.25	19.94	3.74	1.73	4.11	1.87
	60771		  3078   	9492047163.00	6700540574.66	5605380.66	416811118.66	71071412.33	36450386.00	29.00	0	97.00	0	0	1.31	5605380.66	25.49	4.35	2.23	5.64	1.95
	60776		  3092   	7146673488.50	5104852765.75	4331513.00	312562417.25	59410345.50	27126399.25	21.00	0	97.00	0	0	1.44	4331513.00	22.23	4.12	1.92	5.54	2.08
	60781		  1926   	3132212424.66	3427504661.00	1329321.66	121386470.33	24093083.66	12622295.66	10.33	0	97.00	0	0	.62	1329321.66	8.20	1.63	.85	3.52	18.17
ft
	63112		 16260   	15033433318.26	6463444459.08	2544035.95	235027575.78	235049990.73	8785960.91	5.47	0	97.00	0	0	2.36	2544035.95	19.00	19.00	.69	1.00	113.38
	63114		  3193   	7109092914.25	5143706167.75	4314344.00	312562994.75	53185458.50	27475418.50	36.50	0	97.00	0	0	1.48	4314344.00	23.56	3.81	2.05	6.30	1.81
	63133		  3245   	7134106548.50	5249868537.75	4323286.75	312493802.75	58306386.00	27676216.25	26.50	0	97.00	0	0	1.42	4323286.75	25.67	4.56	2.12	5.45	2.13
	63138		  3226   	7113260038.00	5192319230.50	4171706.75	312451340.50	54122929.50	28204221.50	26.25	0	97.00	0	0	1.45	4171706.75	25.32	4.14	2.15	5.95	1.91
	63143		  3234   	7125648574.75	5221199539.25	4235326.00	312479897.25	56376646.75	27968974.25	26.50	0	97.00	0	0	1.43	4235326.00	25.74	4.40	2.14	5.65	2.03
	63148		  1004   	4447553115.00	5741457207.00	1185300.00	174510612.00	35834987.00	18801577.00	25.00	0	65.00	0	0	.77	1185300.00	11.12	2.28	1.19	4.87	1.91
gemver_STANDARD_2mm_STANDARD
	54918		 11970   	2622983945.92	7753087437.28	10006292.92	312551426.50	309261961.07	8833765.57	3.28	0	97.00	0	0	.34	10006292.92	21.99	21.76	.58	1.01	139.15
	54920		  8718   	3996982976.33	8696029679.33	39494047.22	254073866.55	203957436.66	43544995.33	44.88	0	97.00	0	0	.45	39494047.11	16.76	13.46	2.86	1.24	4.70
	54938		  2852   	3927236850.66	8525621317.33	37587982.00	244071436.66	187932966.00	41835843.66	28.33	0	97.00	0	0	.46	37587982.66	16.47	12.68	2.82	1.30	4.49
gemver_STANDARD_3mm_STANDARD
	55532		 17616   	2587869877.15	7971543230.60	8946784.45	327332067.05	324688513.55	9346977.35	2.30	0	97.00	0	0	.32	8946784.45	22.77	22.59	.62	1.00	63.92
	55534		  8682   	3998091509.22	8652443644.33	39391758.11	254056008.00	195661636.33	43532853.33	44.22	0	97.00	0	0	.46	39391758.22	16.81	12.95	2.87	1.29	4.50
	55552		  8501   	3982398569.55	8559016103.33	39264746.88	253693015.33	195565360.88	43349950.66	38.33	0	97.00	0	0	.46	39264746.66	17.20	13.26	2.93	1.30	4.52
gemver_STANDARD_blackscholes
	56745		 83713   	7902589416.08	5597187799.44	186939.54	15709010.69	24548230.75	4459412.45	3.68	0	97.00	0	0	0	186939.54	1.12	1.74	.32	.73	37.57
	56747		  8434   	3995114446.11	8532257872.44	36290506.00	253907588.11	190557231.44	43414388.77	32.33	0	97.00	0	0	.46	36290506.22	17.13	12.85	2.92	1.33	4.38
	56762		  8487   	3999945575.66	8506239457.11	36357333.77	253801890.55	189722747.77	43435766.66	29.33	0	97.00	0	0	.47	36357334.22	17.16	12.83	2.92	1.33	4.38
	56773		  8681   	4007909467.00	8679041778.44	37111535.44	254021209.55	205187002.22	43536602.22	38.22	0	97.00	0	0	.46	37111536.00	16.83	13.60	2.87	1.23	4.73
	56781		  8598   	4005472267.33	8616525609.22	37033926.33	254077230.00	200507693.11	43520252.88	37.77	0	97.00	0	0	.46	37033926.22	16.93	13.36	2.90	1.26	4.60
	56786		  8629   	4009715476.00	8625714691.77	36950843.22	253971296.77	196915226.88	43503583.33	37.77	0	65.00	0	0	.46	36950843.11	16.89	13.09	2.89	1.28	4.52
	56796		  8624   	4008373788.22	8616151159.66	37020394.11	254101328.22	198440619.66	43503854.00	37.88	0	65.00	0	0	.46	37020394.22	16.88	13.18	2.89	1.28	4.54
	56801		  8605   	4042380937.11	8630302889.44	36949383.44	254112262.55	198268401.33	43528284.88	37.88	0	65.00	0	0	.46	36949383.11	16.96	13.23	2.90	1.28	4.54
	56806		  8631   	4006562113.55	8650461769.77	37101186.55	254061395.88	205962465.77	43508528.00	37.88	0	65.00	0	0	.46	37101186.44	16.91	13.71	2.89	1.23	4.73
	56811		  9868   	4046559892.33	8665982790.22	36400054.66	253667181.77	193656284.66	43424025.55	29.88	0	97.00	0	0	.46	36400054.66	15.84	12.09	2.71	1.31	4.45
	56827		  1003   	2127167638.00	4539907811.00	17451663.00	123639185.00	90298465.50	21208987.50	0	0	49.00	0	0	0	17451664.00	7.90	5.77	1.35	.68	2.13
gemver_STANDARD_cholesky_STANDARD
	57827		  6521   	15515842899.00	8293028037.14	8674319.28	345367648.57	458152311.57	3104808.71	0	0	97.00	0	0	1.87	8674319.28	23.34	30.97	.20	.75	149.10
	57829		  8475   	3271038193.63	7014715389.54	32052719.36	207991149.27	158800784.63	35551567.00	34.90	0	97.00	0	0	.46	32052719.45	15.88	12.14	2.78	1.28	4.15
	57847		  1336   	11149713490.50	5993832043.50	6282849.00	248259738.00	328854113.00	2545117.50	0	0	97.00	0	0	1.86	6282849.00	23.88	31.56	.23	.75	131.89
gemver_STANDARD_durbin_STANDARD
	59966		  8871   	3301788553.72	7201221704.54	30285498.90	207771317.36	159668970.72	35556972.09	3.27	0	97.00	0	0	.45	30285499.18	15.03	11.55	2.58	1.27	4.18
	59968		  6607   	1263108627.71	4348451740.85	12258632.14	93479253.28	70704612.14	8192710.71	36.14	0	97.00	0	0	.28	12258632.14	6.29	4.76	.53	1.32	10.23
	59986		  1737   	1197597368.00	3995855104.50	10495325.50	81173297.50	59595906.50	6837872.50	12.50	0	97.00	0	0	.29	10495325.50	6.08	4.48	.51	1.36	8.73
gemver_STANDARD_ep
	59138		 10548   	5459631607.38	7376329016.07	83514.00	12567563.69	13404540.00	3430061.61	3.23	0	97.00	0	0	.75	83514.00	.90	.96	.23	.95	4695.64
	59140		  8599   	4012724236.11	8581057677.33	36245417.33	254174520.44	179252600.00	43547644.00	40.55	0	97.00	0	0	.46	36245418.00	16.93	11.93	2.89	1.42	4.12
	59164		  1437   	2969041324.50	6370645762.50	26195520.00	182317745.50	133873743.50	30740560.00	9.00	0	97.00	0	0	.46	26195520.00	17.17	12.63	2.83	1.36	4.44
gemver_STANDARD_gemm_STANDARD
	59605		 15452   	2709646691.33	7728516533.16	11215556.72	304698698.33	300627670.05	8935948.33	2.44	0	97.00	0	0	.35	11215556.72	21.67	21.38	.60	1.01	155.49
	59607		  8642   	3998904146.44	8626646738.33	39272587.77	254135381.22	194224255.88	43565847.44	44.66	0	97.00	0	0	.46	39272588.00	16.87	12.89	2.89	1.30	4.45
	59625		  6346   	3789162730.57	8212026456.28	37169822.28	241175612.00	184872541.14	41095309.57	35.71	0	97.00	0	0	.45	37169822.00	17.02	13.06	2.88	1.30	4.52
gemver_STANDARD_gramschmidt_STANDARD
	60108		  8502   	3994738727.00	8642508223.33	37742764.33	253837802.88	193468509.77	43450719.66	0	0	97.00	0	0	.46	37742764.44	17.13	13.07	2.92	1.31	4.48
	60110		 13224   	911208030.62	5020590049.00	53317291.12	172402900.68	171021716.81	1611879.81	33.50	0	97.00	0	0	.17	53317291.62	12.34	12.25	.11	1.00	1398.40
	60134		  4126   	3518250651.40	7562266859.20	32517081.20	219390855.00	161820489.20	37706712.40	0	0	97.00	0	0	.46	32517080.80	16.41	12.20	2.88	1.34	4.22
gemver_STANDARD_syrk_STANDARD
	60248		  8759   	3994528141.88	8739182240.33	38926140.44	254098992.44	204891551.11	43566130.22	0	0	97.00	0	0	.45	38926140.88	16.68	13.45	2.85	1.24	4.70
	60250		 16604   	18195442640.31	7931050165.00	3195305.52	284585233.57	284630453.10	13130964.63	42.31	0	97.00	0	0	2.31	3195305.52	20.57	20.57	.87	1.00	113.16
	60268		  7506   	3899946155.37	8493478973.25	37412637.37	246007107.62	189649095.75	42355107.62	0	0	97.00	0	0	.45	37412637.25	16.79	12.96	2.88	1.29	4.49
gesummv_STANDARD_2mm_STANDARD
	54961		 12518   	2449691559.86	7569327970.53	10021616.20	291548639.33	288618419.20	8462524.66	2.93	0	97.00	0	0	.32	10021616.20	21.04	20.83	.59	1.01	281.94
	54963		  7306   	4414846928.75	7946764231.37	75123.87	89614340.50	70963192.37	67654157.75	41.50	0	97.00	0	0	.55	75123.87	6.11	4.83	4.61	1.26	1.05
	54981		  4413   	4231320054.60	7608637900.40	63000.40	85975843.80	68073358.60	64936646.80	31.00	0	97.00	0	0	.55	63000.40	6.26	4.96	4.73	1.26	1.05
gesummv_STANDARD_3mm_STANDARD
	55575		 18352   	2250104687.00	7220027570.69	8481090.26	284453257.69	282356521.86	7948018.91	3.82	0	97.00	0	0	.31	8481090.26	20.97	20.82	.56	1.00	212.50
	55577		  7308   	4410831077.00	7932875340.75	76133.37	89470968.50	70770564.25	67651237.50	41.25	0	97.00	0	0	.55	76133.37	6.10	4.82	4.61	1.26	1.05
	55595		  7295   	4413393297.37	7936194796.00	68671.12	89568918.00	70932170.75	67704956.37	35.75	0	97.00	0	0	.55	68671.12	6.13	4.85	4.63	1.26	1.04
	55600		  2149   	3250454934.33	5877181009.33	62707.33	65313803.66	51783813.66	49440602.33	17.00	0	97.00	0	0	.54	62707.33	5.73	4.60	4.38	1.24	1.05
gesummv_STANDARD_blackscholes
	56858		 85547   	7527964861.85	5347791041.37	184698.07	14952371.22	23399013.28	4273050.67	3.69	0	97.00	0	0	0	184698.07	1.07	1.68	.30	.71	69.43
	56860		  7158   	4381746299.87	7824581838.37	68400.75	89457054.50	70823580.62	67404454.75	29.87	0	97.00	0	0	.56	68400.75	6.11	4.82	4.59	1.27	1.05
	56875		  7123   	4388405537.00	7842604927.25	58409.25	89508799.75	70811324.00	67422384.50	25.87	0	97.00	0	0	.57	58409.25	6.22	4.88	4.65	1.27	1.04
	56880		  7248   	4406825473.62	7905496923.50	58052.62	89539177.12	70803056.50	67491666.00	33.75	0	97.00	0	0	.56	58052.62	6.19	4.88	4.66	1.26	1.05
	56888		  7264   	4408955097.87	7914585118.50	67917.00	89572906.00	70840095.37	67598375.12	34.37	0	97.00	0	0	.55	67917.00	6.16	4.86	4.64	1.26	1.05
	56893		  7265   	4408068618.37	7908375337.75	68395.12	89615205.00	70932884.75	67500799.75	34.25	0	97.00	0	0	.55	68395.12	6.16	4.87	4.63	1.26	1.05
	56904		  7255   	4410852128.00	7921671512.37	66948.75	89567240.00	70831223.37	67524709.75	34.87	0	97.00	0	0	.55	66948.75	6.19	4.89	4.66	1.26	1.05
	56914		  7255   	4410352147.25	7921629472.00	68529.37	89568541.75	70827146.87	67529709.25	34.87	0	97.00	0	0	.55	68529.37	6.19	4.88	4.66	1.26	1.05
	56919		  7296   	3961243802.88	7111627479.66	70495.11	80425752.88	63514100.33	60590879.44	31.33	0	97.00	0	0	.56	70495.11	5.95	4.66	4.45	1.27	1.04
	56924		  7311   	4417051092.50	7943519455.75	70363.25	89579244.62	70847898.87	67595699.87	35.12	0	97.00	0	0	.55	70363.25	6.10	4.82	4.60	1.26	1.05
	56929		  7088   	4387733803.62	7847812538.37	62923.12	89487440.12	70780551.37	67475458.50	25.75	0	97.00	0	0	.54	62923.12	5.71	4.51	4.30	1.16	3.96
	56934		  4671   	4578167587.20	8169189035.00	55500.80	93825410.20	74195554.80	70604731.00	23.40	0	97.00	0	0	.56	55500.80	6.45	5.09	4.85	1.26	1.05
gesummv_STANDARD_cholesky_STANDARD
	57870		  6611   	15525716433.57	8312739234.71	8646223.85	345672004.14	460040266.00	3524969.28	0	0	97.00	0	0	1.86	8646223.85	23.00	30.62	.23	.75	130.79
	57872		  7164   	4395791488.62	7896279192.87	67434.62	89609741.75	70974837.62	67507162.12	39.87	0	97.00	0	0	.55	67434.62	6.43	5.09	4.84	1.26	1.05
	57890		  1004   	18632385731.00	9716459105.00	10194801.00	413072948.00	547349208.00	575980.00	35.00	0	65.00	0	0	1.91	10194801.00	26.33	34.89	.03	.75	950.29
gesummv_STANDARD_durbin_STANDARD
	60377		  7019   	4389388158.00	7896088617.50	51239.62	89457450.62	70796978.87	67504524.87	0	0	97.00	0	0	.55	51239.62	6.59	5.20	4.96	1.26	1.05
	60379		  6596   	1258507744.42	4330166357.00	11987971.42	93474856.14	70794362.57	8241297.42	35.14	0	97.00	0	0	.28	11987971.42	6.29	4.77	.53	1.32	10.19
	60397		  1004   	1483174469.00	4785810292.00	11220759.00	92557134.00	66030824.00	7138840.00	25.00	0	65.00	0	0	.30	11220759.00	5.90	4.20	.45	1.40	9.25
gesummv_STANDARD_ep
	59187		 10583   	5461324061.07	7406114391.92	70835.61	12492868.30	13359898.30	6239676.46	3.07	0	97.00	0	0	.72	70835.61	.91	.97	.43	.94	8536.53
	59189		  7232   	4392155183.50	7869444042.62	72335.62	89545266.87	70804406.00	67407704.25	37.50	0	97.00	0	0	.56	72335.62	6.17	4.86	4.63	1.27	1.04
	59207		  2477   	3841691709.00	6883083351.33	70571.33	78198636.00	61819183.66	58879544.00	20.66	0	97.00	0	0	.55	70571.33	6.18	4.88	4.65	1.26	1.05
gesummv_STANDARD_gemm_STANDARD
	59648		 15882   	2560147571.78	7613574167.10	11431156.78	288262131.73	284846449.21	8175575.68	2.31	0	97.00	0	0	.33	11431156.78	21.31	21.06	.55	1.01	608.30
	59650		  7300   	4413355085.37	7943331032.75	73749.50	89544009.37	70838951.25	67654543.37	42.25	0	97.00	0	0	.55	73749.50	6.11	4.83	4.61	1.26	1.05
	59668		  7315   	4414757081.50	7947869007.62	68795.12	89497593.25	70821032.00	67602351.12	36.37	0	97.00	0	0	.55	68795.12	6.12	4.84	4.62	1.26	1.05
	59673		  1003   	4098627074.00	7398892549.00	153045.00	82553111.00	65375831.00	62249051.00	29.00	0	65.00	0	0	.55	153045.00	5.26	4.17	3.97	1.26	1.05
gesummv_STANDARD_gramschmidt_STANDARD
	60476		  7144   	4392131545.50	7880880191.37	64801.25	89452246.87	70734690.25	67537788.75	0	0	97.00	0	0	.59	64801.25	6.04	4.74	4.53	1.29	1.04
	60478		 13242   	910990827.37	5010712811.75	53011739.43	171702878.12	170665245.81	2379060.62	32.56	0	97.00	0	0	.17	53011739.00	12.71	12.64	.16	1.00	262.82
	60496		  5132   	4205385314.83	7563707491.50	57060.16	85513980.16	67839891.66	64583804.33	0	0	97.00	0	0	.55	57060.16	6.33	5.04	4.79	1.25	1.05
gesummv_STANDARD_syrk_STANDARD
	60619		  7307   	4392459690.62	7893384237.25	77621.25	89639481.62	70933118.62	67372134.50	0	0	97.00	0	0	.55	77621.25	6.08	4.80	4.56	1.26	1.05
	60621		 16332   	16459613036.52	7101910900.52	2852195.09	257422932.90	257481352.95	17611070.28	36.47	0	97.00	0	0	2.35	2852195.09	19.96	19.96	1.21	1.00	107.76
	60639		  7272   	4393837327.37	7895278800.25	78318.00	89569387.50	70792554.50	67371442.00	0	0	97.00	0	0	.55	78318.00	6.14	4.84	4.61	1.26	1.05
	60644		    96   	41999356.00	106260162.00	41597.00	11811.00	8703.00	1013.00	0	0	97.00	0	0	.39	41597.00	0	0	0	1.36	8.59
mvt_STANDARD_2mm_STANDARD
	55047		 11671   	2624553565.28	7554622480.00	9922000.07	311209380.28	309078671.21	8829281.42	1.78	0	97.00	0	0	.34	9922000.07	22.38	22.24	.59	1.00	794.55
	55049		 10825   	3349979203.63	8886693203.54	46050708.72	252885769.27	212962163.45	37733656.36	45.45	0	97.00	0	0	.37	46050708.36	16.43	13.84	2.45	1.18	5.65
	55078		   575   	1894816834.00	4961987737.00	21451706.00	118900164.00	98805297.00	17393847.00	0	0	97.00	0	0	.38	21451706.00	13.23	10.99	1.93	1.20	5.68
mvt_STANDARD_3mm_STANDARD
	55673		 17106   	2725530523.00	8153536665.73	9304297.63	343930725.94	341660861.47	9802641.84	2.36	0	97.00	0	0	.33	9304297.63	23.44	23.29	.63	1.00	235.50
	55675		 10829   	3350564207.45	8866361278.90	46265433.45	252914800.45	215312831.63	37745704.63	45.00	0	97.00	0	0	.37	46265434.18	16.42	13.98	2.45	1.17	5.71
	55698		  5979   	3435572662.83	9021520835.33	46994920.83	258174059.66	208961058.66	38450472.83	38.16	0	97.00	0	0	.38	46994920.00	16.58	13.42	2.46	1.23	5.44
mvt_STANDARD_blackscholes
	57039		 83537   	8146661411.06	5765729368.94	197289.21	16267588.97	25344852.01	4581860.08	2.96	0	97.00	0	0	0	197289.21	1.13	1.76	.31	.74	35.95
	57041		 10513   	3349199591.72	8759919001.63	42848403.81	252960150.72	201407743.63	37583336.18	32.27	0	97.00	0	0	.38	42848404.36	16.87	13.43	2.50	1.25	5.36
	57056		 11028   	3353811456.36	8906909941.72	43251654.00	252863950.54	219479930.45	37669963.81	35.63	0	97.00	0	0	.37	43251654.54	16.14	14.01	2.40	1.15	5.82
	57065		 10765   	3359737695.36	8830933806.90	43308078.09	252837773.72	209229455.54	37683632.90	39.63	0	97.00	0	0	.38	43308078.18	16.51	13.66	2.45	1.20	5.57
	57070		 10570   	3358327800.00	8685944093.81	42973769.18	252820941.27	190185898.81	37724373.45	38.81	0	97.00	0	0	.38	42973769.27	16.78	12.62	2.49	1.32	5.06
	57075		 10804   	3360159395.00	8877430870.90	43340970.72	252848018.00	213578659.72	37722185.72	39.81	0	97.00	0	0	.37	43340970.90	16.47	13.91	2.45	1.18	5.67
	57080		 10737   	3357476120.72	8827396271.63	43313842.18	252862050.63	210108185.54	37713058.45	39.54	0	97.00	0	0	.38	43313842.18	16.57	13.77	2.46	1.20	5.58
	57091		 10695   	3354130965.36	8827657637.81	43223123.54	252796746.72	211661544.90	37662293.90	34.90	0	97.00	0	0	.37	43223123.63	16.60	13.90	2.47	1.19	5.62
	57107		  5832   	3383423148.50	8876844912.33	42979545.33	251814033.83	212666089.66	37593783.66	26.50	0	97.00	0	0	.38	42979545.33	16.55	13.98	2.47	1.18	5.65
mvt_STANDARD_cholesky_STANDARD
	57962		  6418   	15508634049.85	8187921525.28	8643220.14	344945624.14	458011168.42	2988472.42	0	0	97.00	0	0	1.89	8643220.14	23.55	31.25	.20	.75	155.72
	57964		 10563   	2836182520.76	7408723554.38	38940736.30	213996048.69	172349889.76	31859986.61	37.00	0	97.00	0	0	.38	38940736.76	15.78	12.72	2.40	1.22	5.09
	57992		  3441   	14737071268.75	7799108715.25	8221329.75	327976844.75	435057414.50	3014503.25	0	0	97.00	0	0	1.88	8221329.75	24.40	32.37	.22	.75	144.80
mvt_STANDARD_durbin_STANDARD
	61691		 10539   	2834789901.46	7503933743.61	36914678.61	213794136.61	177128612.07	31854506.38	2.92	0	97.00	0	0	.36	36914678.69	15.77	13.08	2.32	1.20	6.46
	61693		  6565   	1253365417.42	4293745755.28	12170991.85	93478568.71	71121208.00	8168117.14	35.28	0	97.00	0	0	.27	12170991.85	6.28	4.79	.53	1.31	10.55
	61711		  3377   	1164211168.25	3920164540.00	10769751.25	83178459.00	62736285.25	7720468.50	22.50	0	97.00	0	0	.29	10769751.25	6.26	4.78	.62	1.31	8.06
mvt_STANDARD_ep
	59278		 10576   	6448679656.00	8702183590.63	106371.90	14328074.36	14933101.00	3191135.27	0	0	97.00	0	0	.74	106371.90	.94	.98	.21	.96	4.70
	59280		 10676   	3072761422.83	8102358365.83	39767544.75	231814492.66	194912740.66	34564696.91	37.75	0	97.00	0	0	.37	39767545.16	17.28	14.53	2.51	1.18	5.76
	59298		  1004   	6827775348.00	9169289869.00	126004.00	16708358.00	18566105.00	31621.00	30.00	0	65.00	0	0	.74	126004.00	1.06	1.18	0	.90	587.14
mvt_STANDARD_gemm_STANDARD
	59750		 14894   	2859675683.64	7936577850.58	11733968.23	320613934.94	318227709.52	9285062.35	2.70	0	97.00	0	0	.36	11733968.23	22.20	22.04	.61	1.00	226.60
	59752		 10805   	3349043289.63	8828203304.36	46043146.45	252880802.27	208452243.36	37739514.81	25588634240511.27	0	97.00	0	0	.37	46043145.81	16.45	13.56	2.45	1.21	5.54
	59770		  3754   	3214827108.00	8458193353.50	43489204.00	238427406.50	200741814.75	35537660.50	32.00	0	97.00	0	0	.38	43489205.00	16.30	13.72	2.42	1.18	5.65
mvt_STANDARD_gramschmidt_STANDARD
	61783		 10762   	3349710223.09	8927963835.90	44674812.18	252752597.63	223268497.72	37641450.45	0	0	97.00	0	0	.37	44674811.63	16.48	14.56	2.45	1.13	5.94
	61785		 13125   	971478242.53	5320420986.66	56926941.93	183027310.86	182105722.80	1423857.93	35.53	0	97.00	0	0	.18	56926942.26	12.89	12.82	.09	1.00	1468.40
	61803		  1989   	3477121787.50	9172987568.00	44323581.00	252459443.50	219504114.00	37559281.00	0	0	97.00	0	0	.37	44323580.00	16.25	14.13	2.41	1.15	5.84
mvt_STANDARD_syrk_STANDARD
	61869		 10885   	3350554185.00	8887906201.54	45329853.27	252864996.81	209642007.27	37779485.00	0	0	97.00	0	0	.37	45329853.45	16.33	13.54	2.44	1.20	5.55
	61871		 15766   	19206908816.88	7946417705.66	3429980.11	300373597.66	300406863.83	9791797.61	42.38	0	97.00	0	0	2.42	3429980.11	21.50	21.50	.64	1.00	91.28
	61889		  4649   	3158994460.20	8405082210.80	42015688.20	233560267.40	204026628.20	35129073.20	0	0	97.00	0	0	.37	42015688.00	16.14	14.10	2.42	1.14	5.82
syr2k_STANDARD_2mm_STANDARD
	55101		 11665   	3056529278.91	8706260811.58	10790024.58	364234162.83	360837592.75	10588905.16	0	0	97.00	0	0	.35	10790024.58	23.85	23.63	.69	1.01	34.11
	55103		 15599   	15553348437.27	7876385831.11	2616419.38	340339345.44	309456643.61	47579019.33	45.50	0	97.00	0	0	1.97	2616419.38	24.19	21.99	3.33	1.10	6.75
	55121		  3438   	2809803723.75	7738104884.00	9667890.50	321190010.75	315884790.00	8618541.75	0	0	97.00	0	0	.35	9667890.50	24.08	23.69	.64	1.01	36.65
syr2k_STANDARD_3mm_STANDARD
	55721		 16925   	2721323211.26	8063028131.94	8802724.36	344375664.73	341833562.31	10246750.10	2.15	0	97.00	0	0	.33	8802724.36	23.56	23.39	.67	1.00	326.00
	55723		 15745   	17500262623.68	8868538616.68	2929918.75	380244131.37	348255106.12	54483145.56	51.75	0	97.00	0	0	1.97	2929918.75	24.66	22.59	3.53	1.09	6.39
	55741		   783   	13445772403.00	6926287673.00	1746466.00	288375964.00	266182472.00	46535655.00	0	0	97.00	0	0	1.94	1746466.00	23.57	21.75	3.80	1.08	5.72
syr2k_STANDARD_blackscholes
	57294		 84087   	8407636224.08	6012816465.69	177889.73	16694500.28	26227797.36	4786561.02	2.51	0	97.00	0	0	0	177889.73	1.12	1.76	.32	.72	39.02
	57296		 15349   	17492898333.37	8772227457.00	2965961.18	377734108.37	347882999.68	40334435.75	39.00	0	97.00	0	0	1.99	2965961.18	24.97	23.00	2.66	1.09	8.63
	57316		 15986   	17505831873.12	8910742469.37	2300728.75	374152017.25	347156404.68	52143057.06	46.87	0	97.00	0	0	1.96	2300728.75	23.96	22.23	3.33	1.08	6.68
	57324		 15823   	17501008432.00	8932678120.43	2341131.18	376854902.68	347690514.37	51537806.93	47.00	0	97.00	0	0	1.95	2341131.18	24.35	22.47	3.33	1.08	6.74
	57329		 15777   	17500924071.12	8926150981.06	2444132.18	378873249.00	347432102.56	50176212.00	46.87	0	97.00	0	0	1.96	2444132.18	24.55	22.51	3.25	1.09	6.92
	57334		 15611   	17498368551.50	8873418729.56	2457626.12	374668756.81	347390238.06	47979924.87	42.68	0	97.00	0	0	1.97	2457626.12	24.48	22.70	3.12	1.08	7.30
	57339		  3490   	16286530134.50	8131221256.00	2432230.50	347533876.00	323058324.25	36310161.00	24.25	0	97.00	0	0	2.00	2432230.50	25.44	23.65	2.66	1.08	8.88
syr2k_STANDARD_cholesky_STANDARD
	58015		  6453   	15505374088.57	8244320913.42	8895944.14	345831359.14	459635276.14	3340919.71	0	0	97.00	0	0	1.88	8895944.14	23.60	31.36	.22	.75	138.68
	58017		 15589   	13995118950.05	7134171296.65	2228205.70	303185253.15	278184342.45	43124186.85	40.20	0	97.00	0	0	1.97	2228205.70	23.20	21.29	3.21	1.08	6.98
	58035		  6471   	15506369432.42	8255006133.85	8956897.57	346216905.28	459969669.71	3399645.00	0	0	97.00	0	0	1.87	8956897.57	23.55	31.27	.23	.75	136.45
	58040		  1352   	11366483330.00	6055708373.50	6537756.50	253342549.00	336191146.50	2663737.50	0	0	97.00	0	0	1.88	6537756.50	24.12	31.91	.24	.75	132.39
syr2k_STANDARD_durbin_STANDARD
	62768		 15309   	14732957761.15	7481372650.84	2792284.31	319365753.68	292941079.05	42724509.26	4.68	0	97.00	0	0	1.97	2792284.31	22.97	21.08	3.06	1.08	6.57
	62770		  6583   	1251325457.85	4296463656.42	12751777.85	93470050.71	70477302.28	8247325.14	42.14	0	97.00	0	0	.27	12751777.85	6.27	4.74	.53	1.32	10.29
	62794		  6583   	1251460892.85	4298101118.71	12837710.00	93462472.85	70723711.85	8251911.85	35.85	0	97.00	0	0	.27	12837710.00	6.28	4.77	.53	1.31	10.32
	62799		   981   	1412193571.00	4521946985.00	11385906.00	82460553.00	60352364.00	7259182.00	0	0	97.00	0	0	.31	11385906.00	5.37	3.93	.47	1.37	8.31
syr2k_STANDARD_ep
	59321		 10694   	6451042210.27	8752074349.27	77849.81	14616753.63	15468357.72	10101234.00	0	0	97.00	0	0	.73	77849.81	.95	1.01	.66	.94	1.52
	59323		 15544   	15552611819.88	7879069326.16	2067041.33	335176371.66	309102645.33	49454955.66	42.61	0	97.00	0	0	1.97	2067041.33	23.89	22.04	3.46	1.08	6.59
	59341		  4394   	5903803505.60	8002291522.00	64835.60	13479718.20	14380011.00	9448404.40	0	0	97.00	0	0	.73	64835.60	.97	1.03	.68	.94	1.51
syr2k_STANDARD_gemm_STANDARD
	59794		 14886   	3239308556.13	8902021174.80	12849801.86	363716076.86	360875580.93	11015020.40	0	0	97.00	0	0	.36	12849801.86	23.41	23.22	.70	1.01	32.77
	59796		 15553   	15553299279.83	7870399840.88	2727451.05	340141058.05	309694789.94	47227385.38	45.83	0	97.00	0	0	1.97	2727451.05	24.32	22.15	3.31	1.09	6.87
	59814		   342   	1045449445.00	2809341277.00	3733752.00	114151741.00	112469960.00	3636563.00	0	0	97.00	0	0	.37	3733752.00	21.36	21.04	.68	1.01	30.93
syr2k_STANDARD_gramschmidt_STANDARD
	62885		 15530   	15565957012.05	7877532387.44	2474621.44	335125643.61	309408627.50	37325323.83	2.50	0	97.00	0	0	1.98	2474621.44	23.63	21.82	2.60	1.08	8.64
	62887		 13324   	1041224507.42	5716348276.21	62976629.14	196143000.35	195148931.78	2679690.07	45.14	0	97.00	0	0	.18	62976627.78	12.68	12.61	.17	1.00	71.14
	62905		  1364   	760108798.00	4123918562.00	44264696.00	141653115.50	140959051.50	2227794.00	7.50	0	97.00	0	0	.19	44264695.00	11.24	11.19	.18	1.00	57.12
syr2k_STANDARD_syrk_STANDARD
	62928		 15957   	17496286891.43	9001783648.62	2625364.06	380962757.18	347129414.37	77092704.68	0	0	97.00	0	0	1.94	2625364.06	24.43	22.26	4.94	1.10	4.50
	62930		 16787   	18193229244.63	8011058390.68	2945510.10	284584707.52	284689103.57	36233520.47	49.78	0	97.00	0	0	2.29	2945510.10	20.37	20.37	2.37	1.00	70.14
	62948		   659   	11059814933.00	5800820871.00	1529257.00	240978855.00	218461944.00	49287011.00	0	0	97.00	0	0	1.90	1529257.00	23.40	21.21	4.78	1.10	4.43
trisolv_STANDARD_2mm_STANDARD
	55187		 11846   	2627450950.07	7631501194.78	9930353.78	312138771.00	309096352.57	8693827.21	3.07	0	97.00	0	0	.34	9930353.78	22.08	21.87	.57	1.01	617.47
	55189		  7889   	4042553120.25	8663309119.37	51355.37	44678487.75	40596624.75	33946295.50	44.37	0	97.00	0	0	.46	51355.37	2.89	2.63	2.20	1.10	1.19
	55207		  3735   	3787251341.00	8124264346.50	31393.00	41892319.75	38173070.25	31797944.00	30.25	0	97.00	0	0	.46	31393.00	2.87	2.61	2.18	1.09	1.20
trisolv_STANDARD_3mm_STANDARD
	55818		 17204   	2464147871.71	7432094832.23	8500192.14	311252696.14	309114923.90	8488655.28	4.09	0	97.00	0	0	.33	8500192.14	22.35	22.21	.55	1.00	164.95
	55820		  7915   	4043816586.87	8663178662.12	54863.12	44793126.25	40850104.50	33941063.50	43.87	0	97.00	0	0	.46	54863.12	2.89	2.64	2.19	1.09	1.20
	55838		  7862   	4043376510.37	8663648845.50	49462.75	44749504.12	40724573.75	33981771.25	38.37	0	97.00	0	0	.46	49462.75	2.91	2.65	2.21	1.09	1.19
	55843		   996   	3632696826.00	7841294897.00	95217.00	40143684.00	36596158.00	30501251.00	0	0	97.00	0	0	.46	95217.00	2.57	2.35	1.95	1.10	1.20
trisolv_STANDARD_blackscholes
	57450		 84966   	7549473727.73	5385715044.69	197047.43	14926643.45	23314199.87	4233105.99	3.66	0	97.00	0	0	0	197047.43	1.07	1.67	.30	.75	82.39
	57452		  7792   	4039818675.00	8652101284.25	46980.37	44721292.62	40678606.50	33909858.37	31.87	0	97.00	0	0	.46	46980.37	2.93	2.67	2.22	1.10	1.20
	57467		  7821   	4043163319.87	8659100348.00	40213.62	44719249.12	40664892.12	33963488.62	28.00	0	97.00	0	0	.46	40213.62	2.92	2.65	2.21	1.10	1.19
	57472		  7913   	4057213300.12	8698882575.37	42902.12	44707404.87	40660849.00	33947485.12	36.62	0	97.00	0	0	.46	42902.12	2.89	2.62	2.19	1.10	1.19
	57487		  7889   	4057053458.12	8700363480.37	45282.00	44734493.75	40684359.37	33985563.37	36.87	0	97.00	0	0	.46	45282.00	2.90	2.63	2.20	1.10	1.19
	57492		  7895   	4056905299.62	8704494828.25	44075.75	44611152.12	40560274.12	33941222.12	36.87	0	97.00	0	0	.46	44075.75	2.89	2.62	2.19	1.09	1.19
	57497		  7906   	4057780785.87	8704539481.00	50101.25	44629838.00	40559058.00	33932198.25	37.00	0	97.00	0	0	.46	50101.25	2.88	2.62	2.19	1.10	1.19
	57507		  7881   	4058421218.12	8702763037.25	46100.50	44709924.12	40628387.12	33983241.50	37.00	0	97.00	0	0	.46	46100.50	2.90	2.63	2.20	1.10	1.19
	57512		  7907   	4062926972.37	8717211330.12	46387.25	44716055.00	40688187.62	33984105.00	37.00	0	97.00	0	0	.46	46387.25	2.89	2.63	2.19	1.09	1.19
	57517		  7891   	4059235662.62	8709199644.12	46036.12	44698753.37	40636067.12	33981428.25	36.25	0	97.00	0	0	.46	46036.12	2.89	2.63	2.20	1.10	1.19
	57522		  7835   	4111537877.12	8665338104.37	45472.00	44637970.75	40568357.12	33914322.75	28.37	0	97.00	0	0	.47	45472.00	2.91	2.64	2.21	1.09	1.19
	57527		  4068   	3333958393.60	7160243203.40	24920.80	36692816.40	33423475.00	27938817.80	18.40	0	97.00	0	0	.45	24920.80	2.65	2.44	2.08	1.07	1.16
trisolv_STANDARD_cholesky_STANDARD
	58115		  6406   	15510992837.57	8185812603.42	8595599.85	344919873.71	457782225.28	2855120.57	0	0	97.00	0	0	1.89	8595599.85	23.60	31.30	.19	.75	162.39
	58117		  7761   	3236530768.20	6944290820.60	34791.00	35763276.90	32501495.40	27104820.50	33.90	0	97.00	0	0	.45	34791.00	2.71	2.47	2.07	1.08	1.18
	58135		   645   	10675467459.00	5693759948.00	5953366.00	237400374.00	315219919.00	2438271.00	0	0	97.00	0	0	1.87	5953366.00	23.55	31.27	.24	.75	129.28
trisolv_STANDARD_durbin_STANDARD
	63313		  7692   	3237376226.90	6970165744.30	29174.80	35863787.70	32725892.70	27128220.10	2.00	0	97.00	0	0	.45	29174.80	2.74	2.50	2.08	1.08	1.18
	63315		  6538   	1252416561.14	4297435892.71	11738932.42	93447451.14	71256638.71	8139237.28	34.00	0	97.00	0	0	.27	11738932.42	6.33	4.84	.53	1.30	10.55
	63338		   565   	622724509.00	2098622714.00	5333604.00	40485360.00	28408796.00	2005137.00	0	0	97.00	0	0	.29	5333604.00	4.58	3.21	.22	1.43	14.17
trisolv_STANDARD_ep
	59407		 10546   	5460771097.07	7362465171.46	91648.84	12558536.69	13448409.07	2201994.30	3.07	0	97.00	0	0	.76	91648.84	.91	.97	.14	.95	523.48
	59409		  7904   	4048170604.87	8695573250.37	51802.62	44772604.12	40757716.00	33944495.50	40.12	0	97.00	0	0	.46	51802.62	2.89	2.63	2.19	1.09	1.19
	59427		  2431   	3226884206.66	6935616232.00	34938.00	35746374.33	32516972.33	27128847.66	19.33	0	97.00	0	0	.46	34938.00	2.85	2.59	2.16	1.10	1.20
trisolv_STANDARD_gemm_STANDARD
	59880		 15038   	2865685668.35	8008009790.64	11717577.70	320681857.35	318221349.94	9127001.11	2.52	0	97.00	0	0	.35	11717577.70	22.03	21.87	.59	1.00	157.81
	59882		  7900   	4042085416.62	8661401014.12	52605.50	44644494.37	40587710.00	33927239.87	44.75	0	97.00	0	0	.46	52605.50	2.89	2.62	2.19	1.10	1.19
	59900		  6915   	4078836534.71	8750792730.28	32160.57	45132567.42	41152136.42	34209886.42	38.57	0	97.00	0	0	.46	32160.57	2.92	2.66	2.21	1.09	1.20
trisolv_STANDARD_gramschmidt_STANDARD
	63411		  7800   	4046108850.12	8693264860.62	44513.62	44699637.50	40633425.75	33933299.62	0	0	97.00	0	0	.46	44513.62	2.92	2.66	2.22	1.10	1.19
	63413		 13099   	971622659.00	5317574787.73	55984912.80	182943118.53	182011778.13	1340557.46	34.00	0	97.00	0	0	.18	55984912.40	13.06	12.99	.08	1.00	1315.56
	63437		  4984   	4168956336.60	8957154026.00	41070.80	46164402.00	42018936.00	34985063.40	0	0	97.00	0	0	.46	41070.80	2.96	2.69	2.24	1.09	1.20
trisolv_STANDARD_syrk_STANDARD
	63227		 15667   	19204877188.66	7877287972.55	3299401.27	300289206.83	300302615.00	8887547.11	2.55	0	97.00	0	0	2.44	3299401.27	20.99	20.99	.58	1.00	102.24
	63229		  7947   	4041656151.00	8694295079.37	56507.75	44825973.00	40880243.75	33830683.37	46.87	0	97.00	0	0	.46	56507.75	2.88	2.63	2.17	1.09	1.20
	63247		  7538   	3880685485.25	8351614832.25	40392.00	42990151.25	39209307.87	32455882.87	38.87	0	97.00	0	0	.46	40392.00	2.92	2.66	2.20	1.09	1.20
trmm_STANDARD_2mm_STANDARD
	55230		 11254   	3056506402.91	8463251431.50	10104284.58	364663672.25	360112045.41	4202140.25	0	0	97.00	0	0	.36	10104284.58	24.10	23.80	.27	1.01	86.53
	55232		 13796   	18996487032.93	7841788505.87	6460782.25	307606076.87	375145099.37	3773572.50	42.25	0	97.00	0	0	2.42	6460782.25	21.91	26.71	.25	.82	196.28
	55250		  1655   	2793862764.50	7450985758.50	9361082.00	310140437.00	306203586.50	3544692.00	0	0	97.00	0	0	.37	9361082.00	24.09	23.78	.27	1.01	88.42
trmm_STANDARD_3mm_STANDARD
	55868		 16417   	2725184957.21	7826998854.84	8755102.78	344209099.42	341527984.63	5002964.57	2.68	0	97.00	0	0	.34	8755102.78	24.17	23.99	.34	1.00	226.69
	55870		 13885   	21715800733.14	8952755606.21	7416012.21	351745672.35	428988847.71	3776181.64	49.28	0	97.00	0	0	2.42	7416012.21	22.67	27.64	.24	.82	113.99
	55888		  2282   	14793687373.66	6795897878.33	4251343.66	239949933.66	283975769.00	33552701.00	21.66	0	97.00	0	0	2.17	4251343.66	20.24	24.10	2.75	.83	8.78
trmm_STANDARD_blackscholes
	57559		 84089   	8406477959.57	6001034302.39	217002.81	16753803.84	26157698.78	4743840.36	2.46	0	97.00	0	0	0	217002.81	1.12	1.75	.31	.72	38.37
	57561		 14210   	20258951987.73	8642456336.46	6231397.86	328196377.00	396478382.20	17231335.26	36.80	0	97.00	0	0	2.34	6231397.86	21.61	26.04	1.14	.83	22.56
	57576		 17896   	16899442738.83	7864453395.27	4416335.33	273466127.22	320922613.94	43472664.61	44.27	0	97.00	0	0	2.14	4416335.33	17.61	20.67	2.79	.85	7.27
	57584		 15215   	18998116550.68	8596613256.12	5414005.18	307789826.68	362121081.93	32507863.56	43.93	0	97.00	0	0	2.21	5414005.18	20.24	23.78	2.13	.85	11.12
	57600		 14965   	20264279530.80	9018089657.06	5987462.60	328277397.86	388860090.20	30145045.53	46.26	0	97.00	0	0	2.24	5987462.60	21.04	24.93	1.93	.84	12.90
	57605		 14861   	20261125329.13	9005515998.20	6082617.66	328112983.73	393042766.20	27317756.26	41.73	0	97.00	0	0	2.25	6082617.66	21.18	25.37	1.76	.83	14.48
	57610		  4508   	18147827246.00	8303738879.60	4866783.60	294139907.20	345354808.40	42257963.00	27.40	0	65.00	0	0	2.18	4866783.60	20.87	24.49	2.99	.85	8.17
trmm_STANDARD_cholesky_STANDARD
	58158		  6330   	15501343579.71	8106705930.42	8807195.85	344950559.71	457572524.85	2074029.28	0	0	97.00	0	0	1.91	8807195.85	23.61	31.31	.14	.75	225.64
	58160		 13799   	17876368368.05	7416791076.29	6103690.52	289565354.64	352798661.88	4886070.82	40.00	0	97.00	0	0	2.41	6103690.52	21.98	26.73	.33	.82	354.43
	58183		  6304   	15501896589.85	8123194052.71	8751496.00	345617012.42	459469326.28	2163608.14	0	0	97.00	0	0	1.90	8751496.00	23.91	31.77	.14	.75	214.42
	58188		  1004   	17346254445.00	9032464936.00	9542931.00	384160407.00	507527549.00	567893.00	34.00	0	65.00	0	0	1.92	9542931.00	24.48	32.35	.03	.76	893.70
trmm_STANDARD_durbin_STANDARD
	63508		 13573   	17874897328.76	7405269237.41	5914360.52	289474286.41	353023307.00	3148360.41	2.47	0	97.00	0	0	0	5914360.52	20.69	25.21	.21	.77	147.12
	63510		  6444   	1249118656.42	4267691926.85	12426696.28	93465644.14	70498391.14	7987490.57	39.14	0	97.00	0	0	.27	12426696.28	6.38	4.83	.52	1.31	10.83
	63528		  6443   	1248920964.14	4285996099.85	12402674.57	93457919.14	72402403.28	7983769.00	32.57	0	97.00	0	0	.27	12402674.57	6.44	5.02	.52	1.28	11.11
	63533		  1004   	1475040157.00	4728769764.00	10758411.00	89210484.00	65190104.00	7034408.00	26.00	0	65.00	0	0	.31	10758411.00	5.68	4.15	.44	1.37	9.27
trmm_STANDARD_ep
	59450		 10657   	6456892800.18	8764635735.45	105062.90	15574037.45	17258240.18	3370023.09	0	0	97.00	0	0	.73	105062.90	1.02	1.13	.22	.90	5.14
	59452		 14548   	17874386142.70	7802624210.35	5400945.76	289557995.70	349051105.35	20046525.35	40.41	0	97.00	0	0	2.29	5400945.76	20.81	25.06	1.42	.83	17.92
	59476		  3401   	5749998579.75	7776766452.00	91125.75	13538722.75	14759609.75	2909296.00	0	0	97.00	0	0	.73	91125.75	1.01	1.09	.21	.92	5.01
trmm_STANDARD_gemm_STANDARD
	59923		 14265   	2858348586.00	7642990970.11	10261194.41	321114466.35	317974340.11	3885828.52	.29	0	97.00	0	0	.37	10261194.41	23.00	22.78	.26	1.01	524.25
	59925		 13886   	21717476487.71	8938534473.00	7475818.85	351665473.42	428842275.50	3617953.21	50.14	0	97.00	0	0	2.42	7475818.85	22.66	27.63	.23	.81	118.72
	59943		   120   	1895343776.00	850234944.00	784532.00	31413173.00	40774420.00	1708389.00	0	0	97.00	0	0	2.22	784532.00	16.75	21.74	.91	.77	23.87
trmm_STANDARD_gramschmidt_STANDARD
	63612		 13511   	18995835692.31	7801716115.93	6335579.62	307606953.75	375074352.25	1914705.87	1.25	0	97.00	0	0	2.29	6335579.62	21.64	26.16	.13	.78	179.22
	63614		 13065   	1121226325.30	6104260779.30	66619223.46	211060285.38	210148726.15	457478.76	45.61	0	97.00	0	0	.18	66619223.69	13.44	13.39	.02	1.00	480.61
	63632		   408   	616905026.00	3433570575.00	38217930.00	121889866.00	121283436.00	685761.00	0	0	97.00	0	0	.17	38217928.00	19.12	19.02	.10	1.01	176.86
trmm_STANDARD_syrk_STANDARD
	63270		 16079   	19202766432.55	8133721886.22	3035717.11	300338239.27	300450009.50	24548289.22	2.72	0	97.00	0	0	2.37	3035717.11	20.49	20.49	1.61	1.00	38.00
	63272		 14566   	20265653837.60	8746003292.66	6587955.60	328221682.13	396760208.66	20267069.00	52.00	0	97.00	0	0	2.31	6587955.60	21.48	25.97	1.32	.82	19.59
	63290		   922   	17418780737.00	8144758126.00	4785561.00	282212385.00	333875535.00	44067890.00	0	0	97.00	0	0	2.13	4785561.00	19.58	23.17	3.05	.85	7.58
