Bench	PID		time	Instr Ret	Unh Clk Cycles	l2 trans reqs	l1lines	l2lines	Per Core bw	Power	Power2	Power3	bandwidth	 	IPC	MEM INTENSIITY	L2->L1 BW (MB)	L3->L2 BW (MB)	MM->L3 BW (MB)	L2 REUSE	L3 REUSE
2mm_STANDARD_3mm_STANDARD
	47401		 11301   	3056269820.66	8448213037.16	10448726.75	364070041.25	360435354.33	3547958.25	0	0	97.00	0	0	.36	10448726.75	23.79	23.55	.23	1.01	103.83
	47403		 16239   	2721316901.57	7792972427.73	8890144.36	344183304.52	341549171.36	3172766.05	39.68	0	97.00	0	0	.34	8890144.36	24.59	24.41	.22	1.00	476.73
	47425		  4035   	2692184748.20	7317832598.60	8765526.00	313617841.60	308277090.00	3767820.40	0	0	97.00	0	0	.36	8765526.00	24.90	24.47	.34	1.01	81.78
2mm_STANDARD_cholesky_STANDARD
	47448		 11083   	2826996189.30	7780518076.76	9696611.84	335641307.76	331551023.92	1804347.61	3.69	0	97.00	0	0	.36	9696611.84	23.41	23.13	.12	1.01	432.41
	47450		  6313   	15507202170.57	8099402360.28	8828106.14	344473174.71	456419949.57	1854684.85	43.28	0	97.00	0	0	1.90	8828106.14	23.61	31.27	.12	.75	248.39
	47468		  3981   	17333558226.00	9052401190.75	9850462.50	385463024.50	510540702.25	2636572.00	35.75	0	97.00	0	0	1.91	9850462.50	24.78	32.83	.16	.75	196.13
2mm_STANDARD_durbin_STANDARD
	47540		 10998   	2821524668.30	7879729437.84	9912340.15	335169782.15	332655177.69	2291444.92	3.07	0	97.00	0	0	.36	9912340.15	23.51	23.34	.15	1.00	793.89
	47542		  6475   	1250414228.71	4284763427.28	12434884.85	93454933.57	72347685.57	7966112.28	36.85	0	97.00	0	0	.27	12434884.85	6.38	4.97	.52	1.28	11.23
	47560		  3892   	1328201399.50	4526898897.50	12987016.50	98369825.50	74562355.00	8559070.25	28.50	0	97.00	0	0	.29	12987016.50	6.47	4.91	.56	1.32	8.78
2mm_STANDARD_gemm_STANDARD
	47638		 11182   	3056235697.75	8443397838.50	10412027.08	363950336.66	360507115.91	3770624.91	0	0	97.00	0	0	.36	10412027.08	24.22	23.99	.24	1.01	100.66
	47640		 14199   	2858405389.11	7635753459.47	10156857.41	321788410.35	318055695.76	3239032.82	39.76	0	97.00	0	0	.37	10156857.41	23.59	23.32	.23	1.01	323.91
	47658		  2101   	2369355224.00	6313856679.00	8156285.00	264692765.33	260461892.66	2175882.66	0	0	97.00	0	0	.37	8156285.00	24.28	23.89	.19	1.02	124.71
2mm_STANDARD_gramschmidt_STANDARD
	47768		 10996   	3335232937.54	9208196611.81	10212514.54	400173435.72	392861340.72	5789409.00	0	0	97.00	0	0	.36	10212514.54	25.61	25.14	.37	1.02	212.38
	47770		 13008   	971520393.93	5294604630.40	57769533.73	183025669.66	182094855.86	442293.40	37.26	0	97.00	0	0	.18	57769533.26	12.78	12.71	.02	1.00	1625.14
	47788		  1895   	3276350925.00	8726894669.00	11459665.00	365139058.50	359845940.50	1292438.50	0	0	97.00	0	0	.37	11459665.00	24.68	24.32	.08	1.01	295.03
2mm_STANDARD_syrk_STANDARD
	47897		 11267   	3056227435.50	8457889860.83	10085847.58	363471241.66	358735607.66	4420453.83	0	0	97.00	0	0	.36	10085847.58	24.00	23.68	.29	1.01	82.27
	47899		 15103   	20333327427.58	8110632753.76	3687700.94	318006246.47	318010707.88	4839422.29	44.23	0	97.00	0	0	2.51	3687700.94	22.53	22.53	.32	1.00	111.14
	47917		  2954   	3328038023.33	8919210048.00	10124301.66	378079086.33	368798522.00	7457139.66	0	0	97.00	0	0	.37	10124301.66	24.58	23.97	.48	1.02	49.54
3mm_STANDARD_cholesky_STANDARD
	48037		 16191   	2589020997.15	7385573707.45	9049014.10	325736135.05	324354801.90	1259602.70	4.80	0	97.00	0	0	.35	9049014.10	23.40	23.30	.08	1.00	459.40
	48039		  6270   	15499620747.00	8065673738.42	8835693.14	343782003.57	454959070.00	1436713.57	43.28	0	97.00	0	0	1.92	8835693.14	23.70	31.31	.09	.75	327.61
	48062		  6278   	15501149976.14	8068549096.71	8882925.71	344119787.57	455307071.14	1353255.14	36.42	0	97.00	0	0	1.92	8882925.71	23.74	31.37	.09	.75	359.00
	48067		  1982   	17156276236.50	8947809043.00	9925310.50	380693298.50	503765524.00	1729693.00	23.50	0	97.00	0	0	1.91	9925310.50	24.58	32.53	.11	.76	303.31
3mm_STANDARD_durbin_STANDARD
	48134		 16108   	2588940744.50	7475359166.00	8819585.00	325910590.25	324347724.50	1937194.95	4.00	0	97.00	0	0	.34	8819585.00	23.62	23.52	.12	1.00	2378.42
	48136		  6434   	1250659383.57	4266214904.71	12470286.85	93467304.28	70525906.71	7959338.57	36.42	0	97.00	0	0	.27	12470286.85	6.39	4.84	.52	1.31	10.96
	48154		  6378   	1250053962.00	4265382894.00	12396592.85	93457636.14	70149683.28	7960162.57	30.71	0	97.00	0	0	.27	12396592.85	6.49	4.90	.52	1.32	10.86
	48159		  1927   	1222386718.50	4219530395.00	12376457.00	93186274.50	69199992.00	7084974.00	17.50	0	97.00	0	0	.28	12376457.00	6.21	4.62	.47	1.35	9.77
3mm_STANDARD_gemm_STANDARD
	48251		 16251   	2724346462.89	7800787766.05	8881030.94	344047714.21	341512570.47	3317753.47	2.52	0	97.00	0	0	.34	8881030.94	24.14	23.97	.24	1.00	717.55
	48253		 14301   	3240218283.86	8653087035.66	11489234.46	364801737.13	360517617.86	4180497.93	46.40	0	97.00	0	0	.37	11489234.46	24.15	23.86	.27	1.01	86.44
	48271		  1139   	1883626722.00	5012116668.50	6447215.00	211126206.50	207907490.00	2465225.50	3.00	0	97.00	0	0	.37	6447215.00	23.24	22.89	.33	1.01	72.37
3mm_STANDARD_gramschmidt_STANDARD
	48401		 15976   	2878248940.11	8207665657.55	10099986.66	361519706.61	360330883.83	453672.77	2.44	0	97.00	0	0	.35	10099986.66	24.62	24.54	.02	1.00	1177.51
	48403		 13110   	1121061445.23	6100435470.23	66932840.15	210942021.15	210085003.23	199437.23	42.92	0	97.00	0	0	.18	66932840.00	13.40	13.35	.01	1.00	1341.31
	48427		  2840   	1079153001.66	5945452301.33	65327173.00	208594630.33	207520018.00	507629.00	26.00	0	97.00	0	0	.18	65327173.33	13.99	13.92	.03	1.00	447.53
3mm_STANDARD_syrk_STANDARD
	48536		 16333   	2721340163.89	7823110493.63	8507321.36	344555771.78	341524264.10	4647853.26	.52	0	97.00	0	0	.34	8507321.36	24.33	24.12	.33	1.00	658.37
	48538		 15194   	21606546223.81	8591328069.75	3906592.50	337897620.37	337891493.12	3858712.87	47.75	0	97.00	0	0	2.51	3906592.50	22.20	22.20	.25	1.00	88.64
	48556		   218   	4165841417.00	1737272352.00	782880.00	65304579.00	65329899.00	2908651.00	0	0	97.00	0	0	2.39	782880.00	19.17	19.17	.85	1.00	22.46
blackscholes_2mm_STANDARD
	48671		 82827   	8318684416.21	5876568712.35	233651.55	16570500.08	25875995.73	4653560.68	2.86	0	97.00	0	0	0	233651.55	1.14	1.79	.32	.72	91.15
	48673		 10981   	3337490258.72	9169971045.27	11402616.18	395562835.18	392137493.36	377961.27	36.45	0	97.00	0	0	.36	11402616.18	25.34	25.13	.02	1.01	1546.17
	48688		 11078   	3342846989.45	9224598036.36	11542538.72	395598446.54	392500244.00	706659.00	38.00	0	97.00	0	0	.36	11542538.72	25.14	24.94	.04	1.01	1232.98
	48707		 11224   	3060883408.41	8462442043.50	10254101.91	362074604.75	359184784.58	966682.25	39.75	0	97.00	0	0	.36	10254101.91	23.99	23.80	.06	1.01	475.66
	48712		 11223   	3061336368.83	8462172061.83	10334567.16	362929373.00	359184162.66	735679.00	39.83	0	97.00	0	0	.36	10334567.16	24.03	23.78	.04	1.01	644.76
	48717		 11221   	3059996045.66	8456828731.08	10316647.75	362937033.91	359175101.66	694182.08	39.66	0	97.00	0	0	.36	10316647.75	23.99	23.74	.04	1.01	760.90
	48722		 11190   	3060106003.25	8454370234.83	10291530.33	361939269.50	359169236.58	679998.50	39.58	0	97.00	0	0	.36	10291530.33	24.03	23.85	.04	1.01	960.49
	48727		 12052   	3060195979.83	8411816677.66	10479015.16	362610335.41	359046541.41	326806.41	31.08	0	97.00	0	0	0	10479015.16	22.97	22.75	.02	1.00	1850.94
	48737		  1004   	3369322148.00	8921121435.00	11613118.00	370105013.00	365409790.00	707785.00	33.00	0	65.00	0	0	.37	11613118.00	23.59	23.29	.04	1.01	516.27
blackscholes_3mm_STANDARD
	48766		 81925   	8781461895.78	6172368137.24	255989.73	17519885.20	27305299.20	4916426.06	1.93	0	97.00	0	0	0	255989.73	1.17	1.83	.33	.75	63.35
	48768		 16045   	3234928741.68	9242615553.62	10268494.62	410011158.75	405094516.93	4888069.37	35.93	0	97.00	0	0	.35	10268494.62	26.16	25.85	.31	1.01	1138.39
	48783		 16568   	3055903156.05	8746344371.11	9990985.47	383935698.88	380840540.70	1404763.70	42.52	0	97.00	0	0	.34	9990985.47	25.12	24.92	.08	1.00	1218.20
	48791		 16382   	3045996372.47	8748546745.17	9182612.41	386735936.11	381088081.58	3470325.58	42.29	0	97.00	0	0	.34	9182612.41	25.42	25.06	.22	1.01	792.92
	48796		 16345   	3049442669.88	8731693895.11	9683429.29	385283545.64	381010716.23	2658323.64	42.11	0	97.00	0	0	.34	9683429.29	25.36	25.09	.17	1.01	660.95
	48807		 14459   	3101285063.73	8869796490.86	9855243.60	392520217.93	387779756.53	4310839.13	34.26	0	97.00	0	0	.34	9855243.60	26.05	25.74	.27	1.01	916.76
blackscholes_cholesky_STANDARD
	48839		 81924   	7673581358.66	5395167099.94	221324.75	15284174.63	23838640.66	4289611.04	4.68	0	97.00	0	0	0	221324.75	1.11	1.73	.31	.76	138.50
	48841		  6174   	15488259206.28	8028233684.00	8366277.85	343428742.57	454081609.57	198780.42	32.14	0	97.00	0	0	1.92	8366277.85	23.28	30.75	.01	.76	3578.10
	48856		  6137   	15496693480.85	8041890264.00	8408005.42	343361408.28	454032977.14	107436.00	26.85	0	97.00	0	0	1.92	8408005.42	23.94	31.60	0	.75	15056.71
	48861		  6251   	15506296126.57	8079000404.85	8509076.14	343516371.42	453984588.85	1089681.42	32.28	0	97.00	0	0	1.91	8509076.14	23.67	31.25	.07	.76	2920.14
	48869		  6293   	15504805106.42	8092584757.28	8553101.42	343614660.71	454218100.28	1813773.00	35.28	0	97.00	0	0	1.91	8553101.42	23.73	31.36	.12	.76	254.12
	48880		  6267   	15503064776.42	8087882563.14	8607467.00	343591563.14	454107516.14	1799205.00	35.14	0	97.00	0	0	1.91	8607467.00	23.93	31.62	.12	.75	255.42
	48885		  6284   	15503412531.85	8090599158.85	8561422.00	343665556.57	454377997.28	1838295.57	35.14	0	97.00	0	0	1.91	8561422.00	23.78	31.44	.12	.75	250.57
	48890		  6278   	15503821116.71	8091286092.00	8612863.57	343713871.28	454232774.71	1826338.57	35.28	0	97.00	0	0	1.91	8612863.57	23.88	31.54	.12	.76	252.45
	48895		  6308   	15504127629.42	8090891880.57	8658436.14	343703131.00	454348426.57	1824558.28	35.71	0	49.00	0	0	1.91	8658436.14	23.62	31.21	.12	.75	252.60
	48900		  6324   	15503826493.57	8089261461.42	8588043.71	343602088.42	454216629.71	1827217.42	35.71	0	49.00	0	0	1.91	8588043.71	23.46	31.00	.12	.75	251.84
	48905		  6292   	15504035826.85	8090459101.71	8535535.57	343560433.00	453917109.00	1835845.42	35.71	0	97.00	0	0	1.91	8535535.57	23.72	31.33	.12	.76	250.52
	48910		  6130   	15488279871.00	8029137271.42	8455990.14	343312656.28	453689480.42	220310.57	26.85	0	97.00	0	0	1.92	8455990.14	23.37	30.78	.01	.76	22660.71
	48915		  3864   	17033748570.50	8846146566.00	9238331.50	377469982.50	499480084.75	170056.50	25.00	0	97.00	0	0	1.92	9238331.50	25.01	33.09	.01	.76	34000.25
blackscholes_durbin_STANDARD
	49070		 81315   	7678938495.86	5386842776.24	152521.34	15246393.99	23759166.75	4291680.33	3.70	0	97.00	0	0	0	152521.34	1.11	1.73	.31	.75	117.57
	49072		  6235   	1245438634.57	4245268302.85	11381871.14	93445371.14	70215586.42	7737391.57	25.14	0	97.00	0	0	.27	11381871.14	6.46	4.89	.50	1.31	11.53
	49087		  6291   	1245340061.71	4251094890.85	11319347.57	93445650.00	70805457.42	7740959.57	21.57	0	97.00	0	0	.27	11319347.57	6.50	4.96	.51	1.31	11.54
	49096		  6374   	1247830606.42	4269874516.28	11368293.00	93460612.28	71502829.85	7880167.00	27.42	0	97.00	0	0	.27	11368293.00	6.42	4.94	.51	1.29	11.13
	49116		  6446   	1248989718.42	4270819454.71	11384831.00	93465772.57	71156201.00	7949094.71	40210710949332.71	0	97.00	0	0	.27	11384831.00	6.38	4.89	.52	1.30	11.00
	49141		  6449   	1308626051.00	4426228224.87	11506265.12	94942703.12	72132665.75	8317811.50	31.25	0	97.00	0	0	.27	11506265.12	6.43	4.91	.54	1.31	10.50
	49150		  6422   	1248819249.00	4270837682.85	11383161.28	93458211.57	70983884.28	7943353.00	29.57	0	97.00	0	0	.27	11383161.28	6.43	4.91	.52	1.31	10.99
	49165		  6402   	1249071672.42	4267791295.57	11435012.57	93474910.71	70647081.71	7947313.85	29.42	0	97.00	0	0	.27	11435012.57	6.45	4.91	.52	1.31	10.92
	49195		  6446   	1249077237.85	4276794687.00	11351221.71	93456452.57	71520691.85	7944257.14	29.85	0	49.00	0	0	.27	11351221.71	6.41	4.92	.52	1.30	11.02
	49210		  6383   	1249092527.28	4259148427.28	11418841.85	93459931.85	69691672.57	7939626.57	29.28	0	49.00	0	0	.27	11418841.85	6.43	4.83	.52	1.33	10.78
	49215		  6367   	1248904104.71	4257844706.71	11395606.00	93446612.71	69624591.00	7933185.85	28.85	0	97.00	0	0	.27	11395606.00	6.44	4.83	.52	1.33	10.80
	49220		  6186   	1245510733.28	4244643665.14	11391733.28	93446585.85	70037990.28	7739725.85	21.00	0	97.00	0	0	.27	11391733.28	6.40	4.84	.50	1.31	11.67
	49225		  3286   	1098411846.00	3729220050.50	9842390.50	81766444.00	64631472.00	6769891.75	14.50	0	97.00	0	0	.27	9842390.50	6.35	5.13	.53	1.24	9.76
blackscholes_ep
	49258		 81666   	8322881875.26	5828105224.51	232163.41	16585651.51	25829714.88	4649334.91	2.94	0	97.00	0	0	0	232163.41	1.15	1.79	.32	.75	138.70
	49260		 10384   	6455541501.36	8676908042.18	125057.45	15735498.18	17376426.09	7414.45	30.90	0	97.00	0	0	.74	125057.45	1.04	1.15	0	.90	3857.23
	49275		 10463   	6453495590.00	8656923368.81	132181.90	14422184.81	15103419.81	137953.63	32.27	0	97.00	0	0	.74	132181.90	.95	1.00	0	.95	7447.97
	49283		 10466   	6452956676.18	8658814468.63	124512.72	14465576.36	15180999.36	7831.27	36.72	0	97.00	0	0	.74	124512.72	.96	1.01	0	.95	7737.74
	49288		 10452   	6449013758.00	8650656172.09	125798.81	14736433.72	15603091.90	7886.81	36.81	0	97.00	0	0	.74	125798.81	.97	1.03	0	.94	8363.17
	49304		 10462   	6452282195.63	8661957069.00	126366.36	15143036.27	16378101.63	7951.18	37.45	0	97.00	0	0	.74	126366.36	1.00	1.08	0	.92	8838.88
	49309		 10483   	6456548536.90	8676063208.90	122800.72	15285839.81	16461929.54	7916.54	37.54	0	97.00	0	0	.74	122800.72	1.01	1.09	0	.93	8567.90
	49314		 10409   	6450182670.36	8650153721.09	124964.63	14680752.27	15522285.72	7240.72	31.45	0	97.00	0	0	.74	124964.63	.98	1.03	0	.94	30143.36
	49325		  3926   	6724132212.75	9018349270.50	123981.75	15968616.75	17411197.75	12254.00	23.00	0	97.00	0	0	.74	123981.75	1.04	1.13	0	.91	53089.25
blackscholes_gemm_STANDARD
	49545		 82251   	8590186787.58	6044338281.69	241862.66	17104805.46	26718230.47	4806181.43	2.32	0	97.00	0	0	0	241862.66	1.15	1.79	.32	.74	64.98
	49547		 14201   	3240425731.13	8619235967.20	10977935.40	364835749.20	359364473.26	1661950.26	34.73	0	97.00	0	0	.37	10977935.40	23.95	23.59	.10	1.02	218.16
	49562		 14482   	3254892386.86	8687829798.86	11464763.60	362102966.06	359268779.46	593553.53	41.13	0	97.00	0	0	.37	11464763.60	23.88	23.69	.03	1.01	1187.50
	49570		 14344   	3242148479.86	8675068346.13	11392613.86	364056648.60	359297179.06	1223350.93	41.60	0	97.00	0	0	.37	11392613.86	24.04	23.72	.07	1.01	319.93
	49575		 14349   	3242549410.60	8676015587.80	11419637.73	364081621.53	359122487.20	741085.20	41.60	0	97.00	0	0	.37	11419637.73	24.09	23.76	.04	1.01	689.48
	49580		 14287   	3241078172.60	8659026051.93	11329400.00	364106701.13	359101141.86	988098.73	39.53	0	97.00	0	0	.37	11329400.00	24.15	23.82	.06	1.01	864.28
	49585		  6692   	3293960198.42	8749011263.85	11313912.85	369286978.57	359619423.00	369427.28	29.42	0	97.00	0	0	.37	11313912.85	24.72	24.08	.02	1.03	1392.91
blackscholes_gramschmidt_STANDARD
	49833		 80615   	8685512239.08	6110328529.81	160332.37	17281054.29	27005501.87	4853831.57	2.24	0	97.00	0	0	0	160332.37	1.18	1.84	.33	.73	271.52
	49835		 12909   	1120633991.61	6092377927.84	62726794.76	211143193.30	210226502.61	116999.07	31.61	0	97.00	0	0	.18	62726795.07	13.55	13.49	0	1.00	3165.86
	49850		 13086   	1120932887.92	6102582553.69	63904763.76	211235533.84	209901752.46	185109.61	36.61	0	97.00	0	0	.18	63904764.30	13.44	13.35	.01	1.01	1843.73
	49858		 13070   	1121003201.00	6105356033.07	63825972.53	211179310.30	208164667.46	140830.15	38.61	0	97.00	0	0	.18	63825972.92	13.45	13.25	0	1.01	2362.76
	49864		 13147   	1040934032.85	5677963321.00	59624886.21	195992930.85	195111665.21	131120.92	36.00	0	97.00	0	0	.18	59624886.00	12.53	12.48	0	1.00	2341.45
	49869		 13109   	1040929399.00	5676393992.42	59252506.57	196675614.78	193779317.28	129672.57	36.00	0	97.00	0	0	.18	59252506.00	12.56	12.37	0	1.01	2276.46
	49874		 13007   	1120759533.61	6101147971.92	62983201.00	211679850.38	210633352.61	115193.46	30.15	0	65.00	0	0	.18	62983200.61	13.52	13.45	0	1.00	9991.30
	49879		  1003   	1278466155.00	7051568983.00	72853926.00	246985758.00	245803540.00	601795.00	30.00	0	65.00	0	0	.18	72853928.00	15.75	15.68	.03	1.00	408.45
blackscholes_syrk_STANDARD
	50140		 82159   	8589749411.51	6034665901.05	256383.10	17118276.02	26714095.05	4811097.94	2.39	0	97.00	0	0	0	256383.10	1.14	1.78	.32	.75	50.52
	50142		 14860   	23037144562.66	9079422067.53	4030427.80	360300359.26	360353581.73	1971112.40	38.33	0	97.00	0	0	2.53	4030427.80	23.25	23.26	.12	1.00	184.31
	50157		 15112   	21607983758.37	8553570142.25	3805337.62	338004425.06	338011988.75	1560974.43	42.25	0	97.00	0	0	2.48	3805337.62	21.62	21.62	.09	1.00	239.53
	50165		 15087   	23049204529.00	9129759758.00	4108730.06	360550766.06	360575337.06	1431743.93	45.60	0	97.00	0	0	2.52	4108730.06	22.94	22.94	.09	1.00	256.45
	50170		 15135   	23048868902.13	9124971629.73	4137379.00	360584483.06	360651895.80	1486631.60	45.73	0	97.00	0	0	2.52	4137379.00	22.88	22.88	.09	1.00	246.43
	50175		 15058   	23046691436.33	9127282037.33	4088216.80	360464492.60	360485821.26	1760901.00	42.53	0	65.00	0	0	2.52	4088216.80	22.98	22.98	.11	1.00	228.56
	50180		  5576   	21575976423.00	8483419414.83	3766592.66	337487156.66	337492832.16	724648.83	28.83	0	65.00	0	0	2.54	3766592.66	23.25	23.25	.04	1.00	588.81
cholesky_STANDARD_durbin_STANDARD
	50450		  6154   	15501040071.57	8085012518.85	8538561.28	343354010.42	454273383.71	1568132.28	0	0	97.00	0	0	1.91	8538561.28	23.24	30.76	.10	.75	434.63
	50452		  6329   	1091065918.50	3727320914.12	11013396.12	81763153.87	62081188.62	6872296.62	31.87	0	97.00	0	0	.25	11013396.12	6.69	5.15	.48	1.30	13.12
	50470		  1004   	17330876398.00	9025904666.00	9440722.00	383886833.00	508088441.00	564305.00	34.00	0	65.00	0	0	1.92	9440722.00	24.47	32.38	.03	.76	900.38
cholesky_STANDARD_gemm_STANDARD
	50536		  6299   	15503454137.42	8079501249.57	8904219.00	344031819.85	455561988.57	1413354.28	0	0	97.00	0	0	1.90	8904219.00	23.55	31.15	.09	.75	336.85
	50538		 14125   	2859184024.41	7627101608.11	10515164.41	321233646.47	317994285.47	1449753.05	39.05	0	97.00	0	0	.37	10515164.41	23.76	23.52	.10	1.01	735.28
	50556		  6249   	15498097987.14	8077089082.85	8750055.28	344694267.42	456690217.14	1773165.28	0	0	97.00	0	0	1.91	8750055.28	24.12	31.94	.12	.75	264.57
	50567		  1003   	17288657291.00	8997861261.00	9504973.00	383032189.00	506947667.00	541053.00	34.00	0	65.00	0	0	1.92	9504973.00	24.44	32.34	.03	.76	936.96
cholesky_STANDARD_gramschmidt_STANDARD
	50677		  6162   	15491452988.14	8036801559.00	8722570.00	343349660.42	453877121.00	151973.00	0	0	97.00	0	0	1.92	8722570.00	23.11	30.54	0	.76	6429.40
	50679		 12953   	971279320.80	5282675219.60	58388577.80	182863392.80	182095249.33	81007.00	36.73	0	97.00	0	0	.18	58388577.73	12.69	12.64	0	1.00	5551.30
	50702		  5849   	17492614436.33	9072476081.83	9862941.16	387789682.00	512383392.33	199676.83	0	0	97.00	0	0	1.92	9862941.16	25.46	33.65	.01	.75	4097.90
cholesky_STANDARD_syrk_STANDARD
	50784		  6299   	15499849121.57	8088110624.71	8847672.42	344674523.14	457023663.71	1959725.00	0	0	97.00	0	0	1.91	8847672.42	23.77	31.50	.13	.75	233.82
	50786		 15058   	18189744311.73	7271375849.42	3281618.47	284473600.89	284469376.05	4847451.47	38.89	0	97.00	0	0	2.50	3281618.47	21.64	21.64	.34	1.00	160.82
	50804		  6274   	15501031670.71	8089174812.00	8812790.42	344614762.42	456529229.28	2017288.28	0	0	97.00	0	0	1.91	8812790.42	23.95	31.71	.13	.75	228.03
	50810		   872   	14840668986.00	7797089935.00	8440668.00	329689577.00	437219443.00	2300493.00	0	0	97.00	0	0	1.90	8440668.00	24.19	32.08	.16	.75	190.05
durbin_STANDARD_gramschmidt_STANDARD
	51468		  6308   	1246546882.42	4277997886.71	11701779.14	93448374.28	71260790.57	7767620.00	0	0	97.00	0	0	.27	11701779.14	6.48	4.97	.51	1.30	11.47
	51470		 12615   	971423945.20	5290906911.06	55412610.66	182713106.93	181956927.33	378312.26	29.20	0	97.00	0	0	.18	55412610.26	12.75	12.70	.02	1.00	794.63
	51488		  5528   	1297458192.83	4435296421.16	12086826.50	96719235.66	72766695.00	8061845.33	0	0	97.00	0	0	.29	12086826.50	6.74	5.07	.56	1.33	9.10
ep
	51512		 10564   	6459560528.09	8716435343.54	118969.90	15089028.36	16224884.09	795157.27	0	0	97.00	0	0	.73	118969.90	.99	1.06	.05	.93	20.93
	51514		 11049   	3060776930.58	8427092293.16	9927877.16	363105351.66	359252246.50	1923448.91	40.58	0	97.00	0	0	.36	9927877.16	25.32	25.06	.12	1.01	549.75
	51532		  1003   	6844732915.00	9182894891.00	127404.00	16623362.00	18289286.00	31915.00	30.00	0	65.00	0	0	.74	127404.00	1.06	1.16	0	.91	573.06
ep
	51555		 10512   	6450683016.72	8676516197.90	119969.09	14536368.27	15248321.72	988077.90	0	0	97.00	0	0	.74	119969.09	.96	1.00	.06	.95	48.32
	51557		 16153   	2725727010.78	7778090925.68	8635179.15	344335552.26	340836177.21	1938603.68	37.47	0	97.00	0	0	.35	8635179.15	24.67	24.42	.13	1.01	295.17
	51575		  5048   	5747006638.33	7704547588.16	103623.66	12991064.66	13664718.83	532054.16	0	0	97.00	0	0	.75	103623.66	.99	1.06	.03	.94	177.04
ep
	51604		 10542   	5464599360.15	7331814249.76	120523.61	12389028.00	13105848.30	133144.69	3.30	0	97.00	0	0	.71	120523.61	.90	.95	0	.95	18240.53
	51606		  6263   	15495058305.57	8036083722.14	8468851.00	343426810.57	453739375.42	384691.14	39.85	0	97.00	0	0	1.92	8468851.00	23.51	31.03	.02	.76	1362.91
	51624		  3422   	14976921585.75	7789053464.25	8224999.25	331840445.50	439325162.25	402732.50	27.00	0	97.00	0	0	1.92	8224999.25	24.86	32.90	.02	.75	1418.49
ep
	51690		 10460   	5461239637.15	7338592920.84	109862.92	12449723.07	13057848.84	752358.38	2.69	0	97.00	0	0	.76	109862.92	.90	.94	.05	.97	5403.56
	51692		  6457   	1248253102.71	4270800123.57	11435761.85	93457328.85	71925037.00	7791333.85	33.42	0	97.00	0	0	.27	11435761.85	6.39	4.94	.51	1.29	11.52
	51710		  3351   	1186135268.75	3966525836.50	10163211.00	84232735.25	62933572.50	7415540.25	20.75	0	97.00	0	0	.30	10163211.00	6.39	4.81	.61	1.33	8.18
ep
	51783		 10583   	6455343535.90	8688976654.72	123220.54	15084233.00	16256235.63	671690.18	0	0	97.00	0	0	.74	123220.54	.99	1.06	.04	.92	24.55
	51785		 14155   	3038289723.31	8091853221.43	10515850.12	341429652.81	336794575.75	787829.18	39.25	0	97.00	0	0	.37	10515850.12	23.99	23.67	.05	1.01	633.98
	51803		  2981   	6782244429.66	9103362372.33	122229.00	15203215.66	15872905.33	629133.33	0	0	97.00	0	0	.74	122229.00	.97	1.02	.04	.95	25.28
ep
	51912		 10341   	6452467308.36	8662644488.90	117876.81	14769932.90	15726910.09	14700.54	0	0	97.00	0	0	.74	117876.81	.98	1.05	0	.93	2710.24
	51914		 12910   	971218938.20	5280504539.13	54291513.60	183030469.20	182236913.00	47967.13	33.13	0	97.00	0	0	.18	54291513.80	12.63	12.58	0	1.00	24301.86
	51932		  1797   	6241086252.50	8374843799.00	114794.00	14065524.00	14740483.00	31688.50	0	0	97.00	0	0	.74	114794.00	.99	1.04	0	.95	641.87
ep
	52015		 10571   	6452381298.90	8672346161.45	117771.09	14989118.63	16194050.54	2030515.54	0	0	97.00	0	0	.74	117771.09	.98	1.06	.13	.93	7.94
	52017		 14939   	20332146634.35	8019773987.58	3632023.05	318035452.52	318057998.94	1566150.11	40.64	0	97.00	0	0	2.53	3632023.05	22.24	22.25	.10	1.00	267.50
	52035		  3773   	6417424920.00	8624192379.25	109149.00	14390681.00	15121127.25	2039537.00	0	0	97.00	0	0	.74	109149.00	.97	1.02	.13	.95	7.36
gemm_STANDARD_durbin_STANDARD
	52409		 14296   	2565199806.05	6920416403.57	9329132.47	287480197.94	284457865.05	1916875.63	2.15	0	97.00	0	0	.37	9329132.47	21.66	21.43	.14	1.01	822.00
	52411		  6511   	1251102870.42	4284851343.14	12397605.42	93452620.71	72091102.14	7962118.00	36.85	0	97.00	0	0	.27	12397605.42	6.34	4.90	.52	1.29	11.12
	52430		  6433   	1250451770.14	4272592061.57	12315369.42	93446723.14	70678900.42	7966228.00	30.57	0	97.00	0	0	.27	12315369.42	6.41	4.87	.52	1.31	10.96
	52440		    71   	30907183.00	78079507.00	601.00	11948.00	6175.00	521.00	0	0	97.00	0	0	.39	601.00	.01	0	0	1.93	11.85
gemm_STANDARD_gramschmidt_STANDARD
	52608		 14248   	2875677454.88	7664210871.82	10522103.11	320883113.64	317892138.94	395390.88	2.47	0	97.00	0	0	.37	10522103.11	22.02	21.82	.02	1.01	1623.40
	52610		 13052   	1121147158.23	6096215385.07	66706608.53	211065372.00	210166871.53	180839.69	43.38	0	97.00	0	0	.18	66706608.92	13.45	13.40	.01	1.00	1481.32
	52628		  1131   	686665104.00	3700958992.50	38745200.00	126788318.00	126211952.50	361552.00	1.50	0	97.00	0	0	.22	38745199.50	9.92	9.88	.02	1.00	1092.99
gemm_STANDARD_syrk_STANDARD
	52700		 14351   	3238973228.20	8655873468.93	11369430.20	364496799.93	360414827.86	5268481.13	0	0	97.00	0	0	.37	11369430.20	24.03	23.76	.34	1.01	68.72
	52702		 15060   	21605700293.25	8590478558.00	3900500.75	337896071.31	337902958.18	3658478.93	17592186040366.93	0	97.00	0	0	2.51	3900500.75	23.02	23.02	.24	1.00	135.86
	52720		  1004   	3459669786.00	9218168682.00	11379093.00	388782752.00	381894138.00	3392107.00	34.00	0	65.00	0	0	.37	11379093.00	24.78	24.34	.21	1.02	112.58
syrk_STANDARD_durbin_STANDARD
	55556		 14853   	18192731270.63	7252710891.52	3237081.57	284479068.42	284490555.36	3138573.26	3.52	0	97.00	0	0	2.51	3237081.57	21.03	21.03	.21	1.00	135.77
	55558		  6434   	1247192621.85	4253578580.14	12267399.00	93464376.28	69941876.42	7989267.42	39.00	0	97.00	0	0	.27	12267399.00	6.37	4.79	.52	1.33	10.78
	55576		  6446   	1247056886.28	4266725017.57	12175588.85	93467658.00	70928422.28	7989354.42	33.14	0	97.00	0	0	.27	12175588.85	6.40	4.88	.52	1.31	10.89
	55581		   617   	638391336.00	2197011986.00	6501843.00	47369486.00	33653025.00	2160785.00	0	0	97.00	0	0	.29	6501843.00	4.91	3.49	.22	1.41	15.57
syrk_STANDARD_gramschmidt_STANDARD
	55667		 14800   	20329472219.00	8066459096.11	3596457.82	318319459.17	317954440.41	2516194.23	1.82	0	97.00	0	0	2.51	3596457.82	22.12	22.09	.17	1.00	131.04
	55669		 13310   	1041231388.57	5730271852.71	61381404.35	195816596.64	194941624.42	425926.71	43.07	0	97.00	0	0	.17	61381404.14	12.67	12.61	.02	1.00	481.66
	55687		   651   	897845774.00	5107378166.00	56685873.00	183847069.00	182907591.00	875074.00	0	0	97.00	0	0	.17	56685872.00	18.07	17.98	.08	1.01	209.02
