Bench	PID		time	Instr Ret	Unh Clk Cycles	l2 trans reqs	l1lines	l2lines	Per Core bw	Power	Power2	Power3	bandwidth	 	IPC	MEM INTENSIITY	L2->L1 BW (MB)	L3->L2 BW (MB)	MM->L3 BW (MB)	L2 REUSE	L3 REUSE
jacLR_ft
	61173		 14693   	3556741579.05	7052774450.68	3992172.15	160813730.10	107257023.05	104775189.42	4.10	0	97.00	0	0	.62	3992172.15	12.41	8.27	8.09	1.50	1.01
	61175		  4517   	5710447019.20	5991854341.20	3396542.80	249999770.20	45195075.80	23526535.40	39.00	0	97.00	0	0	.93	3396542.80	17.80	3.16	1.62	5.25	1.85
	61193		  4576   	5700779119.60	6123478921.20	3257102.20	250007503.60	43554425.60	23606871.60	32.20	0	97.00	0	0	.88	3257102.20	17.81	3.08	1.66	5.08	1.73
	61198		  4357   	5697846956.80	6049787621.40	3452011.60	250038451.60	43413139.40	23474073.00	30.60	0	97.00	0	0	.90	3452011.60	20.14	3.47	1.86	5.07	1.74
jacLR_gemver_STANDARD
	61265		 14804   	3968240353.17	7886103684.70	4547924.94	179761813.23	119836823.82	117233123.94	2.64	0	97.00	0	0	.58	4547924.94	12.64	8.40	8.22	1.53	1.02
	61267		 11404   	3048613561.83	8464978280.16	32988073.16	190668719.58	151110118.91	32875517.91	43.25	0	97.00	0	0	.36	32988073.25	12.57	9.96	2.16	1.26	4.61
	61285		  2611   	2809182914.66	7628117382.33	28804870.00	167851641.00	126286037.66	29032253.00	24.00	0	97.00	0	0	.36	28804870.66	12.53	9.46	2.15	1.32	4.41
jacLR_gesummv_STANDARD
	61308		 15468   	3742628545.94	7783414278.72	4229190.55	169780005.66	113198268.11	111061691.22	2.33	0	97.00	0	0	.48	4229190.55	12.06	8.03	7.88	1.52	1.02
	61310		 11647   	3665991866.83	8450145792.25	74083.75	59397406.16	47236874.08	45358203.50	43.58	0	97.00	0	0	.43	74083.75	3.88	3.09	2.96	1.25	1.04
	61328		  3319   	2884074723.75	6709161486.75	88140.75	47599635.75	37735626.00	36258989.75	26.25	0	97.00	0	0	.43	88140.75	3.74	2.97	2.85	1.26	1.04
jacLR_mvt_STANDARD
	61394		 14286   	3958131615.70	7638555148.41	4550208.58	179768728.64	119823928.82	117185201.29	.29	0	97.00	0	0	.59	4550208.58	13.13	8.72	8.53	1.53	1.02
	61396		 13636   	2690421858.92	8728128406.57	39716345.78	198756750.71	164599846.21	29798593.64	44.50	0	97.00	0	0	.30	39716346.28	13.01	10.78	1.94	1.20	5.56
	61414		   121   	287285029.00	739742947.00	8903.00	623790.00	653434.00	524669.00	0	0	97.00	0	0	.38	8903.00	.32	.34	.27	.95	1.25
jacLR_syr2k_STANDARD
	61480		 14515   	4482074804.80	8680279580.53	4814687.60	203770598.13	136148624.33	132365548.93	0	0	97.00	0	0	.51	4814687.60	13.34	8.91	8.66	1.49	1.03
	61482		 24871   	10381018181.22	8372056949.44	1854745.22	229065385.25	205202826.25	46156511.70	45.55	0	97.00	0	0	1.28	1854745.22	15.73	14.11	3.09	1.11	4.76
	61500		  9690   	4531453512.40	8784807688.30	4847355.10	205629026.10	137409713.80	133554107.30	0	0	97.00	0	0	.51	4847355.10	13.59	9.08	8.82	1.49	1.03
jacLR_trisolv_STANDARD
	61572		 14845   	3984452438.47	7855753056.35	4530293.52	179773993.64	119825008.41	117383378.76	2.47	0	97.00	0	0	.50	4530293.52	12.19	8.13	7.96	1.41	1.21
	61574		  9073   	3706844907.44	8760550210.55	60968.00	40137016.33	36707865.33	29918545.66	44.77	0	97.00	0	0	.42	60968.00	2.54	2.33	1.90	1.09	1.22
	61597		  5699   	3570801952.00	8311145046.66	37108.50	38625360.16	35314493.00	28851591.83	35.00	0	97.00	0	0	.42	37108.50	2.60	2.38	1.94	1.09	1.22
jacLR_trmm_STANDARD
	61620		 13926   	4806696247.28	8965312394.85	5279901.64	218407191.42	146144831.92	141823541.28	0	0	97.00	0	0	.53	5279901.64	14.04	9.39	9.12	1.49	1.03
	61622		 28156   	9823951783.00	8239469422.90	2722534.29	158761111.09	183325889.77	28059694.77	44.09	0	97.00	0	0	1.30	2722534.29	11.74	13.66	1.81	.85	111.17
	61646		 13905   	4805791127.64	8952674451.07	5270057.21	218370143.07	145772956.92	141783389.57	0	0	97.00	0	0	.53	5270057.21	14.06	9.38	9.13	1.49	1.03
	61667		  1003   	5292194522.00	8897653525.00	6041821.00	234830278.00	156277091.00	152401822.00	34.00	0	65.00	0	0	.59	6041821.00	14.98	9.97	9.72	1.50	1.03
stream_d0_ft
	62268		  8227   	3985010844.27	6392623179.36	157658.90	116425003.09	116615744.81	113612202.27	3.63	0	97.00	0	0	.58	157658.90	8.47	8.48	8.27	.94	1.34
	62270		  4599   	5708320965.00	6261688358.40	3009734.20	249957653.40	42748608.20	25724517.60	41.00	0	97.00	0	0	.87	3009734.20	17.76	3.01	1.81	5.38	1.58
	62289		  3110   	3540320457.00	3850680818.40	1716481.60	148416715.60	30534949.80	16038978.40	18.00	0	97.00	0	0	.88	1716481.60	19.33	3.60	1.51	3.58	10.20
stream_d0_gemver_STANDARD
	62361		  8534   	4867180422.33	8045631579.44	106779.55	142384952.66	142639370.66	138826082.55	0	0	97.00	0	0	.74	106779.55	9.18	9.19	8.95	.99	1.02
	62363		 10421   	2782625268.61	7305837815.15	29032810.00	175822607.30	138435982.00	30303280.30	36.38	0	97.00	0	0	.37	29032810.23	14.63	11.67	2.35	1.25	5.43
	62391		  1304   	3100666822.50	5185132109.00	92705.00	87112171.00	88025577.50	82922802.00	0	0	97.00	0	0	.59	92705.00	9.26	9.32	8.91	.99	1.05
stream_d0_gesummv_STANDARD
	62414		  9247   	4381030374.60	7836489460.80	200308.50	128119766.70	128326527.70	125119384.20	0	0	97.00	0	0	.51	200308.50	8.18	8.19	7.98	.93	1.42
	62416		  9990   	3706247737.81	8070585982.27	67111.90	64784844.09	51462891.18	49427065.09	39.90	0	97.00	0	0	.46	67111.90	4.74	3.77	3.61	1.25	1.04
	62434		  2090   	5879412700.00	7939511653.00	80704.00	162526120.00	164209604.00	153848068.00	36.00	0	65.00	0	0	.74	80704.00	9.96	10.07	9.43	.99	1.07
stream_d0_mvt_STANDARD
	62505		  8168   	4868105110.77	7665067006.55	142341.55	142360952.77	142579618.66	138792612.00	0	0	97.00	0	0	.57	142341.55	9.08	9.09	8.85	.93	1.39
	62507		 12478   	2471292679.33	7553476469.80	35774577.33	185445564.33	154785939.06	27736742.93	37.26	0	97.00	0	0	.32	35774577.26	14.32	11.98	2.07	1.19	6.00
	62527		  3408   	3548086735.80	5768678326.60	89209.80	106788566.00	107158068.80	103491608.20	0	0	97.00	0	0	0	89209.80	8.33	8.36	8.09	.79	.82
stream_d0_syr2k_STANDARD
	62550		  8283   	4868359784.22	7757175740.55	167252.11	142358444.00	142583034.55	137802408.77	0	0	97.00	0	0	.82	167252.11	9.10	9.11	8.81	.99	1.03
	62552		 22343   	10374518156.37	7544759608.92	1546086.14	228524061.59	205026196.44	45427786.70	41.18	0	97.00	0	0	1.45	1546086.14	17.27	15.54	3.28	1.11	5.06
	62576		  8270   	4869626895.44	7754155567.88	114104.88	142386851.22	142613559.77	137797999.22	0	0	97.00	0	0	.82	114104.88	9.12	9.14	8.83	.99	1.03
	62581		  4043   	4285029021.60	7067573669.40	65693.60	130266119.80	130649846.40	125540462.00	0	0	97.00	0	0	.60	65693.60	10.24	10.27	9.88	.99	1.04
stream_d0_trisolv_STANDARD
	62670		  8360   	4867857817.22	7851635738.44	158898.88	142363949.55	142594823.88	138905003.88	0	0	97.00	0	0	.81	158898.88	9.15	9.17	8.93	.99	1.02
	62672		  8471   	3264410222.80	7509541745.80	43589.50	36086080.20	33087955.60	26886078.70	37.70	0	97.00	0	0	.44	43589.50	2.81	2.57	2.09	1.09	1.23
	62690		  1003   	5900844836.00	8470118409.00	164594.00	163112787.00	164781813.00	154837741.00	36.00	0	65.00	0	0	.69	164594.00	10.40	10.51	9.87	.99	1.06
stream_d0_trmm_STANDARD
	62713		  7854   	5475844957.62	8322023283.37	115788.87	160151978.37	160405845.25	155209054.37	0	0	97.00	0	0	.68	115788.87	10.31	10.33	10.00	.99	1.03
	62715		 26109   	9511597364.18	7405322716.84	2581168.62	153786397.87	177688582.34	30054522.53	39.87	0	97.00	0	0	1.48	2581168.62	12.54	14.62	1.96	.86	88.82
	62733		  7837   	5477992483.50	8305379726.50	194841.87	160203742.12	160486220.87	155189811.12	0	0	97.00	0	0	.68	194841.87	10.33	10.35	10.01	.99	1.03
	62738		  7830   	5477350212.75	8307993916.00	133596.37	160110296.25	160386242.25	155184571.87	0	0	97.00	0	0	.68	133596.37	10.33	10.35	10.01	.99	1.03
	62743		  1828   	4943664251.00	7669194230.00	123750.00	143832059.00	144655476.50	137435466.50	0	0	97.00	0	0	.64	123750.00	10.18	10.24	9.75	.99	1.05
