Bench	PID		time	Instr Ret	Unh Clk Cycles	l2 trans reqs	l1lines	l2lines	Per Core bw	Power	Power2	Power3	bandwidth	 	IPC	MEM INTENSIITY	L2->L1 BW (MB)	L3->L2 BW (MB)	MM->L3 BW (MB)	L2 REUSE	L3 REUSE
2mm_STANDARD_blackscholes
	55912		 87629   	8076371337.92	5723990496.98	235599.67	16106909.92	25051120.15	4512291.58	3.01	0	97.00	0	0	0	235599.67	1.12	1.74	.31	.73	79.17
	55914		 11012   	3338790388.45	9178975576.27	11484363.36	395448630.27	388370831.90	303309.90	36.36	0	97.00	0	0	.36	11484363.36	25.28	24.82	.01	1.01	1950.92
	55929		 11136   	3059478966.91	8454962084.08	10751664.83	363510542.08	360193931.91	1023311.91	34.91	0	97.00	0	0	.36	10751664.83	23.57	23.36	.06	1.01	828.28
	55937		 11225   	3062103194.91	8449992970.66	10335849.75	362236132.66	359222118.08	1189793.00	39.75	0	97.00	0	0	.36	10335849.75	23.82	23.62	.07	1.01	338.79
	55942		 11190   	3060821843.41	8449776431.16	10383056.16	363147733.00	359213888.16	1074185.16	39.33	0	97.00	0	0	.36	10383056.16	24.08	23.82	.07	1.01	437.62
	55947		 11198   	3060791894.91	8450601130.50	10330813.25	363273130.08	359227449.75	1177825.83	39.41	0	97.00	0	0	.36	10330813.25	24.05	23.78	.07	1.01	352.18
	55952		 11210   	3071644705.69	8509215293.30	10223028.46	366884619.15	362685910.46	1568079.53	39.92	0	97.00	0	0	.36	10223028.46	24.19	23.91	.10	1.01	260.20
	55957		 14627   	3059967799.83	8418991286.00	9865170.33	365649308.41	359852894.91	3382855.25	31.33	0	97.00	0	0	.33	9865170.33	23.33	22.96	.21	1.01	837.91
	55962		   963   	1604308327.50	4244791596.50	5326255.50	176510544.00	173696537.00	1045920.00	0	0	97.00	0	0	0	5326255.50	11.86	11.67	.07	.51	83.03
2mm_STANDARD_ep
	58812		 10514   	6453395959.27	8677233904.90	121261.90	14769785.00	15742215.18	746486.45	0	0	97.00	0	0	.74	121261.90	.97	1.03	.05	.94	21.82
	58814		 11026   	3061120026.91	8420747702.50	9891336.08	364278764.91	359430919.00	1881205.08	40.25	0	97.00	0	0	.36	9891336.08	25.45	25.13	.12	1.01	426.81
	58832		  1003   	6817975177.00	9150096628.00	129785.00	16684635.00	18458465.00	33506.00	30.00	0	65.00	0	0	.74	129785.00	1.06	1.17	0	.90	550.90
3mm_STANDARD_2mm_STANDARD
	54629		 11208   	3056367960.00	8442229274.41	10476613.08	363731769.16	360415649.16	3819971.33	0	0	97.00	0	0	.36	10476613.08	24.04	23.82	.25	1.01	95.22
	54631		 16195   	2721154605.52	7789131640.15	8929650.68	344009536.00	341523480.26	3369721.57	39.31	0	97.00	0	0	.34	8929650.68	24.78	24.60	.23	1.00	474.04
	54649		  4071   	2720061755.80	7388995871.40	9119390.00	315234154.40	311620332.20	2995595.00	0	0	97.00	0	0	.36	9119390.00	24.84	24.57	.22	1.01	110.89
3mm_STANDARD_blackscholes
	55993		 82226   	8783457001.63	6158653659.96	254538.92	17574775.12	27303247.20	4912555.43	1.92	0	97.00	0	0	0	254538.92	1.18	1.83	.33	.75	86.63
	55995		 16082   	3236624924.43	9230884005.00	11218301.12	406718206.18	405265860.31	404573.87	36.06	0	97.00	0	0	.35	11218301.12	25.90	25.80	.02	1.00	1287.64
	56016		 16333   	3045251001.41	8710065590.41	9909277.35	383656553.11	380766697.70	1430110.94	41.23	0	97.00	0	0	.34	9909277.35	25.22	25.03	.09	1.00	283.85
	56024		 16299   	3044568231.76	8719741908.35	9706057.76	384376374.11	380881945.47	1713048.64	41.35	0	97.00	0	0	.34	9706057.76	25.39	25.16	.11	1.01	240.05
	56034		 16296   	3045558344.82	8710954764.23	9876115.35	383673810.00	380770423.52	1431897.94	41.70	0	97.00	0	0	.34	9876115.35	25.30	25.11	.09	1.01	319.00
	56039		 14770   	3169523231.26	9041683291.86	10494478.26	399345872.73	396134873.60	1112088.53	34.80	0	97.00	0	0	.35	10494478.26	25.95	25.75	.07	1.00	940.50
3mm_STANDARD_ep
	58855		 10525   	6449852447.90	8662120929.45	119589.18	14519881.54	15232029.18	960406.63	0	0	97.00	0	0	.74	119589.18	.95	1.00	.06	.95	40.62
	58857		 16138   	2878229671.72	8209000450.55	8985737.88	363957318.33	359793597.88	2571823.44	38.94	0	97.00	0	0	.35	8985737.88	25.33	25.03	.18	1.01	649.95
	58885		  4996   	6825881149.80	9155405218.00	121279.60	15632965.00	16604423.00	631584.00	0	0	97.00	0	0	.74	121279.60	1.00	1.06	.04	.94	165.79
cholesky_STANDARD_2mm_STANDARD
	54673		 11248   	2636104248.35	7248814450.28	9013055.64	311508118.78	307886376.42	1774966.85	3.42	0	97.00	0	0	.36	9013055.64	23.04	22.77	.12	1.01	439.27
	54675		  6293   	15499951236.28	8090555909.71	8873426.00	345138528.00	457927937.42	2234976.57	42.85	0	97.00	0	0	1.91	8873426.00	23.81	31.57	.15	.75	206.22
	54693		  4143   	14410970187.20	7530899165.60	8171997.20	321534483.40	427888141.40	2307190.40	29.40	0	97.00	0	0	1.91	8171997.20	24.84	33.01	.17	.75	193.60
cholesky_STANDARD_3mm_STANDARD
	55273		 16211   	2466848698.33	7042016105.00	8550946.42	310430606.47	308916406.28	1471463.23	4.57	0	97.00	0	0	0	8550946.42	22.29	22.18	.10	.95	802.99
	55275		  6277   	15500030901.14	8068030038.00	8932394.85	343808825.42	454969859.42	1441342.42	42.85	0	97.00	0	0	1.92	8932394.85	23.76	31.43	.09	.75	325.35
	55293		  6286   	15501463305.28	8068698517.85	8858730.71	343967140.00	454777195.00	1505873.42	35.85	0	97.00	0	0	1.92	8858730.71	23.72	31.36	.10	.75	317.32
	55298		  2007   	11537888044.00	6032525414.66	6558808.66	256249904.66	339547725.00	1342400.33	16.00	0	97.00	0	0	1.93	6558808.66	19.66	25.74	.08	.77	657.10
cholesky_STANDARD_blackscholes
	56065		 83876   	7527496449.48	5327661965.20	216395.80	15043173.46	23380852.37	4207703.31	4.61	0	97.00	0	0	0	216395.80	1.09	1.70	.30	.76	111.51
	56067		  6223   	15488269690.71	8027736512.00	8345492.57	343185142.85	450889283.42	233917.28	32.42	0	97.00	0	0	1.92	8345492.57	23.69	31.11	.01	.76	2647.04
	56082		  6186   	15490859878.85	8034190537.28	8462967.57	343302690.14	453652528.28	439062.28	27.14	0	97.00	0	0	1.92	8462967.57	23.99	31.68	.02	.76	1235.38
	56087		  6260   	15502178465.28	8074550691.42	8480637.71	343502177.85	454012205.00	1262806.28	32.14	0	97.00	0	0	1.91	8480637.71	23.72	31.29	.08	.76	501.56
	56099		  6273   	15505603895.42	8093948156.57	8633768.00	343677656.28	454172338.00	1918540.57	35.00	0	97.00	0	0	1.91	8633768.00	23.90	31.57	.13	.76	239.68
	56104		  6299   	15505061370.14	8096195667.42	8638274.42	343825963.00	454651023.85	1923644.42	35.28	0	97.00	0	0	1.91	8638274.42	23.68	31.31	.13	.75	239.68
	56115		  6283   	15504553069.00	8089074537.28	8615331.14	343682555.71	454224634.85	1890740.14	35.14	0	97.00	0	0	1.91	8615331.14	23.81	31.46	.13	.76	243.52
	56130		  6292   	15505206390.42	8095479048.57	8627829.71	343677423.28	454349102.00	1956548.00	35.28	0	97.00	0	0	1.91	8627829.71	23.75	31.38	.13	.75	235.18
	56140		  6295   	15505044433.57	8093961456.57	8555748.28	343705335.42	454410126.28	1950159.85	35.28	0	97.00	0	0	1.91	8555748.28	23.71	31.34	.13	.76	236.09
	56145		  6283   	15504809055.00	8093939097.28	8587254.00	343667236.42	454352219.28	1920874.14	35.14	0	97.00	0	0	1.91	8587254.00	23.80	31.46	.13	.75	239.48
	56150		  6275   	15506672409.57	8099349248.85	8635533.14	343646402.28	454284445.57	1886149.71	35.00	0	97.00	0	0	1.91	8635533.14	23.99	31.69	.13	.75	244.62
	56156		  6233   	15493970045.57	8044268484.28	8446358.28	343361751.00	453887344.85	467400.14	27.42	0	97.00	0	0	1.92	8446358.28	23.72	31.33	.03	.75	3057.21
	56161		  5872   	17253620978.66	8955969197.33	9425702.83	382453558.50	506007927.50	348760.00	28.50	0	97.00	0	0	1.92	9425702.83	25.01	33.09	.02	.75	1944.65
cholesky_STANDARD_ep
	58908		 10434   	5456796734.15	7322918201.07	100972.46	12347423.84	12944362.61	195523.07	3.46	0	97.00	0	0	.76	100972.46	.91	.95	.01	.96	16781.61
	58910		  6265   	15495634924.57	8043474597.71	8458737.42	343575301.14	453966769.14	409770.00	39.71	0	97.00	0	0	1.92	8458737.42	23.52	31.05	.02	.76	1260.96
	58928		  3314   	14470904442.00	7529673201.75	7926610.25	320801894.25	424450730.00	449692.75	25.75	0	97.00	0	0	1.92	7926610.25	24.82	32.83	.03	.75	1140.75
durbin_STANDARD_2mm_STANDARD
	54765		 11033   	2824095556.07	7881060486.53	9960169.46	335241897.53	332667593.76	2233774.38	3.07	0	97.00	0	0	.35	9960169.46	23.54	23.35	.14	1.00	563.80
	54767		  6441   	1251524129.42	4277231010.00	12445498.14	93472575.85	71585279.85	7962345.57	36.42	0	97.00	0	0	.27	12445498.14	6.40	4.93	.52	1.30	11.07
	54790		  3938   	1361321211.00	4604641058.50	12996599.00	98807043.50	74995876.50	8962150.00	28.50	0	97.00	0	0	.29	12996599.00	6.42	4.88	.58	1.32	8.57
durbin_STANDARD_3mm_STANDARD
	55373		 16256   	2469269319.09	7123087782.71	8338191.85	310534786.00	308887788.47	2132615.38	3.76	0	97.00	0	0	.34	8338191.85	22.30	22.18	.14	1.00	478.91
	55375		  6477   	1251828214.71	4273895145.85	12437560.57	93443194.57	71097950.71	7963963.28	36.71	0	97.00	0	0	.27	12437560.57	6.34	4.85	.52	1.30	11.00
	55393		  6447   	1251284503.71	4274323199.28	12380172.71	93469694.28	70551563.00	7980452.14	30.71	0	97.00	0	0	.27	12380172.71	6.39	4.85	.52	1.31	10.94
	55398		  2015   	820083440.33	2880143163.00	8628717.33	64436082.00	49914492.33	4839302.33	12.66	0	97.00	0	0	.22	8628717.33	6.09	4.88	.38	1.25	14.66
durbin_STANDARD_blackscholes
	56261		 80734   	7749271372.31	5436203907.21	138642.13	15469721.82	24019773.43	4334547.23	3.71	0	97.00	0	0	0	138642.13	1.12	1.74	.31	.75	108.77
	56263		  6272   	1246267032.14	4250958679.71	11367873.00	93446709.14	70670726.42	7738779.42	25.28	0	97.00	0	0	.27	11367873.00	6.49	4.94	.51	1.30	11.48
	56278		  6180   	1246864341.85	4249575484.42	11403573.14	93420036.85	70317484.00	7748083.85	20.71	0	97.00	0	0	.28	11403573.14	6.41	4.86	.50	1.31	11.71
	56283		  6355   	1248647307.28	4261745975.85	11448845.42	93466485.28	70599123.85	7875759.14	27.14	0	97.00	0	0	.27	11448845.42	6.42	4.87	.51	1.31	11.00
	56291		  6412   	1250011332.85	4270658891.42	11584214.71	93454148.42	70790748.85	7935686.28	29.28	0	97.00	0	0	.27	11584214.71	6.44	4.91	.52	1.31	10.98
	56296		  6456   	1249596043.57	4266287760.00	11561513.28	93456963.14	70255490.71	7928733.57	29.42	0	97.00	0	0	.27	11561513.28	6.35	4.79	.51	1.32	10.89
	56301		  6418   	1249797640.42	4262339916.42	11569003.14	93446002.57	69969989.00	7934187.85	29.42	0	97.00	0	0	.27	11569003.14	6.40	4.82	.52	1.32	10.87
	56306		  6419   	1249863059.14	4267815262.85	11609379.85	93452062.14	70553500.85	7932484.57	29.71	0	97.00	0	0	.27	11609379.85	6.41	4.87	.52	1.31	10.96
	56311		  6432   	1250598045.85	4279592838.57	11536286.28	93460190.85	71374787.00	7933832.42	29.28	0	49.00	0	0	.27	11536286.28	6.44	4.94	.52	1.30	11.01
	56322		  6412   	1250456226.28	4270718854.57	11583957.14	93464289.00	70432464.57	7943853.85	29.57	0	49.00	0	0	.27	11583957.14	6.44	4.88	.52	1.32	10.91
	56327		  6419   	1259159554.42	4232579735.71	11597413.71	93460144.00	70744308.42	7940225.85	29.57	0	97.00	0	0	.27	11597413.71	6.42	4.89	.52	1.31	10.95
	56332		  6230   	1245700352.57	4251185100.28	11325750.28	93446768.57	70333095.00	7739070.85	20.85	0	97.00	0	0	.27	11325750.28	6.37	4.84	.50	1.31	11.64
	56337		  2683   	1254393280.66	4225686508.00	10588917.00	89261080.00	69978037.33	7859334.00	14.00	0	97.00	0	0	.29	10588917.00	6.44	5.04	.58	1.28	8.96
durbin_STANDARD_cholesky_STANDARD
	57686		  6164   	15499786945.85	8090930459.42	8661435.85	343716121.28	455088488.14	1599559.71	0	0	97.00	0	0	1.91	8661435.85	23.25	30.77	.10	.75	301.35
	57688		  6345   	1092740204.25	3735161880.12	10965566.75	81748470.00	62256486.12	6873125.12	31.75	0	97.00	0	0	.25	10965566.75	6.67	5.15	.48	1.29	13.11
	57711		  1003   	17183442429.00	8952688664.00	9370189.00	380814355.00	504576546.00	557595.00	33.00	0	65.00	0	0	1.91	9370189.00	24.29	32.19	.03	.75	904.92
durbin_STANDARD_ep
	58994		 10340   	5456378459.69	7320191445.92	106882.92	12042955.00	12516650.23	715951.23	2.69	0	97.00	0	0	.71	106882.92	.89	.92	.04	.96	1910.74
	58996		  6388   	1248577154.14	4256051203.42	11442116.85	93449505.85	70501968.42	7789741.00	32.85	0	97.00	0	0	.27	11442116.85	6.43	4.89	.51	1.31	11.36
	59014		  3250   	1076857718.25	3697876858.25	10041294.75	81566033.75	61777215.00	6620230.50	19.75	0	97.00	0	0	.26	10041294.75	6.45	4.97	.50	1.30	10.15
durbin_STANDARD_gemm_STANDARD
	59499		 14158   	2862877221.88	7721020526.11	10437362.17	321353252.29	317947485.29	2099945.82	2.35	0	97.00	0	0	.37	10437362.17	23.50	23.26	.13	1.01	857.50
	59501		  6434   	1251608800.28	4265728947.71	12440066.42	93467799.00	70168252.85	7965812.57	37.14	0	97.00	0	0	.27	12440066.42	6.37	4.81	.52	1.32	10.88
	59519		  6429   	1251663198.28	4275986431.28	12375164.42	93463487.28	70852087.71	7966179.57	31.00	0	97.00	0	0	.27	12375164.42	6.42	4.89	.52	1.31	10.96
	59524		  1003   	1480218219.00	4769475779.00	11049203.00	91281852.00	66021225.00	7097641.00	25.00	0	65.00	0	0	.31	11049203.00	5.82	4.21	.45	1.38	9.30
durbin_STANDARD_syrk_STANDARD
	63063		 14850   	18190353339.00	7261762183.68	3293706.21	284458797.52	284476759.31	3501967.00	3.57	0	97.00	0	0	2.50	3293706.21	21.09	21.09	.24	1.00	139.23
	63065		  6419   	1248888145.00	4257801480.71	12231992.00	93458843.57	69797274.85	7997494.42	39.00	0	97.00	0	0	.27	12231992.00	6.41	4.81	.52	1.33	10.74
	63083		  6435   	1248678549.85	4265734948.57	12297835.57	93465111.85	70600153.00	8001001.42	33.14	0	97.00	0	0	.27	12297835.57	6.40	4.86	.52	1.31	10.84
	63088		   641   	643234803.00	2274393606.00	6857135.00	49474777.00	35718911.00	2230999.00	0	0	97.00	0	0	.28	6857135.00	4.93	3.56	.22	1.39	16.01
ep
	56370		 84903   	7981969711.70	5580156254.91	199403.22	15927226.03	24809696.84	4461439.85	2.82	0	97.00	0	0	0	199403.22	1.11	1.72	.31	.72	122.07
	56372		 10264   	6448787017.09	8648864147.09	120419.90	14825681.81	15837761.90	7495.81	30.72	0	97.00	0	0	.74	120419.90	.99	1.05	0	.93	3653.39
	56392		 10377   	6450211793.00	8648298005.72	121675.72	14354037.72	14912311.27	152108.27	32.18	0	97.00	0	0	.74	121675.72	.95	.98	0	.96	1493.39
	56400		 10469   	6449989341.18	8653971538.00	122513.63	14703112.90	15547927.27	12534.90	36.81	0	97.00	0	0	.74	122513.63	.97	1.03	0	.94	2983.93
	56405		 10467   	6454469325.27	8666589996.81	122911.63	14593790.90	15358403.81	16186.81	36.81	0	97.00	0	0	.74	122911.63	.97	1.02	0	.95	1642.85
	56410		 10481   	6450468077.45	8653360578.54	123883.18	14589442.09	15363768.45	13173.00	36.90	0	97.00	0	0	.74	123883.18	.97	1.02	0	.95	2435.35
	56415		 10447   	6449217135.72	8650984860.63	121253.09	14195238.09	14688412.81	13502.18	36.72	0	97.00	0	0	.74	121253.09	.94	.97	0	.96	2409.28
	56431		 10345   	6449496736.09	8652386046.54	121550.27	14793626.63	15742671.72	15452.45	31.00	0	97.00	0	0	.74	121550.27	.98	1.04	0	.94	4108.75
	56436		  7199   	6220623909.00	8338946436.75	111849.62	15000902.12	16581699.00	9569.12	23.25	0	97.00	0	0	.74	111849.62	1.06	1.18	0	.90	116870.00
gemm_STANDARD_2mm_STANDARD
	54875		 11200   	3056297082.75	8442373020.91	10343763.41	363301302.66	360322596.16	3505033.83	0	0	97.00	0	0	.36	10343763.41	23.94	23.74	.23	1.01	104.48
	54877		 14178   	2859478439.70	7631832386.58	10279109.58	321557306.82	318023334.35	2965737.82	39.58	0	97.00	0	0	.37	10279109.58	23.56	23.30	.20	1.01	428.36
	54895		  2050   	2318867809.33	6177862808.66	7279247.33	261111732.66	255212035.33	4467721.66	0	0	97.00	0	0	.37	7279247.33	24.35	23.79	.42	1.02	55.86
gemm_STANDARD_3mm_STANDARD
	55489		 16241   	2723704659.52	7797897859.36	8794509.10	344084126.21	341497645.68	3697455.15	2.52	0	97.00	0	0	.34	8794509.10	24.10	23.92	.25	1.00	286.17
	55491		 14305   	3241086882.60	8651998328.40	11645473.13	364523028.33	360496608.00	4216651.93	45.60	0	97.00	0	0	.37	11645473.13	24.14	23.88	.27	1.01	86.18
	55509		  1134   	1871474155.50	4978860825.00	6377193.00	209810456.50	206429644.00	2372378.50	2.50	0	97.00	0	0	.37	6377193.00	23.14	22.77	.27	1.02	83.01
gemm_STANDARD_blackscholes
	56678		 82899   	8499812544.29	5957922529.11	239638.89	16969768.00	26401681.74	4754435.94	2.29	0	97.00	0	0	0	239638.89	1.14	1.77	.32	.74	72.25
	56680		 14040   	3473639808.71	9237979688.35	12186863.14	389701409.50	384775018.00	302796.85	36.92	0	97.00	0	0	.37	12186863.14	24.87	24.55	.01	1.01	1982.19
	56695		 14444   	3245069168.80	8672801922.80	10816367.26	365418979.46	359663541.66	2339888.40	40.46	0	97.00	0	0	.37	10816367.26	24.13	23.75	.15	1.01	158.21
	56703		 14305   	3241643455.40	8661786466.00	11033256.13	364549612.06	359238297.13	1679311.26	41.46	0	97.00	0	0	.37	11033256.13	24.13	23.78	.11	1.01	222.11
	56708		 14413   	3352805912.75	8325537905.68	8946683.12	346892339.75	338319227.68	8615875.87	39.18	0	97.00	0	0	.48	8946683.12	22.91	22.34	.56	1.02	55.72
	56713		 14217   	3241318583.00	8663305044.73	11115734.80	364456670.06	359365757.60	1424122.06	39.73	0	97.00	0	0	.37	11115734.80	24.30	23.96	.09	1.01	449.38
	56718		  8379   	3215057138.11	8538124113.11	11126074.11	358509571.11	355819124.66	292157.55	29.33	0	97.00	0	0	.37	11126074.11	24.67	24.48	.02	1.01	2126.30
gemm_STANDARD_cholesky_STANDARD
	57778		  6279   	15500801386.28	8067206649.57	8813910.00	343858054.71	455209323.00	1572251.14	0	0	97.00	0	0	1.92	8813910.00	23.68	31.31	.10	.75	301.09
	57780		 14146   	2859350601.76	7628409557.82	10515276.76	321326669.35	318007129.35	1490392.00	39.00	0	97.00	0	0	.37	10515276.76	23.72	23.48	.10	1.00	675.83
	57798		  6267   	15499252130.00	8073023523.71	8826465.14	344587655.85	455993645.28	1645271.14	0	0	97.00	0	0	1.91	8826465.14	23.82	31.47	.11	.75	288.64
	57803		  1003   	17283775715.00	8998656432.00	9365358.00	382938650.00	506607614.00	578582.00	34.00	0	65.00	0	0	1.92	9365358.00	24.43	32.32	.03	.76	875.60
gemm_STANDARD_ep
	59090		 10504   	6457908348.81	8688797449.63	117670.36	14729276.72	15629012.81	712422.72	0	0	97.00	0	0	.74	117670.36	.97	1.03	.04	.94	22.42
	59092		 14145   	2860707293.05	7614800635.29	9614650.29	321954941.05	317061193.00	1869998.41	36.88	0	97.00	0	0	.37	9614650.29	23.57	23.21	.13	1.01	177.70
	59115		  3057   	5209938192.50	6999730724.50	92274.75	12312315.50	13309911.25	534865.50	0	0	97.00	0	0	.74	92274.75	1.03	1.11	.04	.92	23.86
gramschmidt_STANDARD_2mm_STANDARD
	55004		 10966   	3338475795.09	9178712927.36	11257962.45	396854998.00	391844681.09	1722844.81	0	0	97.00	0	0	.36	11257962.45	25.46	25.14	.11	1.01	233.37
	55006		 12979   	971475509.86	5283608980.00	57367622.86	183013474.66	182062537.40	452825.66	36.93	0	97.00	0	0	.18	57367623.26	12.77	12.71	.02	1.00	2637.90
	55024		  1872   	3245567859.00	8628083023.50	11108926.50	362550808.50	356693086.00	2090306.50	0	0	97.00	0	0	.37	11108926.50	24.84	24.43	.14	1.02	171.08
gramschmidt_STANDARD_3mm_STANDARD
	55624		 16027   	2880181956.94	8216134600.22	10144934.27	361635995.33	360375311.22	543264.38	2.44	0	97.00	0	0	.35	10144934.27	24.70	24.61	.03	1.00	1406.50
	55626		 13064   	1121299306.07	6096818242.84	66729142.38	210864122.07	210005825.15	209105.00	42.69	0	97.00	0	0	.18	66729142.46	13.43	13.38	.01	1.00	1302.01
	55644		  2901   	1083262547.66	5965248507.00	65168851.33	209231731.33	208181780.33	557287.00	26.00	0	97.00	0	0	.18	65168850.66	13.78	13.71	.03	1.00	394.57
gramschmidt_STANDARD_blackscholes
	56966		 80670   	8685603418.06	6079245656.03	154141.65	17324236.65	26991715.13	4853427.15	2.24	0	97.00	0	0	0	154141.65	1.18	1.83	.33	.73	259.49
	56968		 12894   	1120618496.00	6091652630.92	62611938.00	211090548.84	210155923.61	117011.46	31.46	0	97.00	0	0	.18	62611938.15	13.56	13.50	0	1.00	3148.79
	56983		 13146   	1040744287.28	5664716303.21	58103873.42	195772799.71	194482830.07	166875.64	33.92	0	97.00	0	0	.18	58103872.92	12.54	12.46	.01	1.00	1971.70
	56991		 13179   	1040934097.00	5669431948.64	56542734.07	196331989.07	190903131.92	132252.00	35.78	0	97.00	0	0	.18	56542734.07	12.69	12.34	0	1.03	2431.77
	56996		 13106   	1121016725.69	6102078345.38	62200909.00	211829229.76	207065306.00	153493.15	38.46	0	97.00	0	0	.18	62200909.53	13.46	13.16	0	1.02	1967.48
	57001		 13111   	1121044745.92	6116565576.30	63001967.61	212112696.30	211015389.38	141536.84	38.38	0	65.00	0	0	.18	63001967.69	13.47	13.40	0	1.00	2346.47
	57006		 13072   	1120758282.53	6100866709.23	62637918.53	212578701.76	211420036.92	114687.00	29.76	0	65.00	0	0	.18	62637919.07	13.54	13.47	0	1.00	16460.23
	57011		  1003   	1338691852.00	7266147235.00	73761236.00	251770911.00	250569499.00	602785.00	29.00	0	65.00	0	0	.18	73761232.00	16.06	15.98	.03	1.00	415.69
gramschmidt_STANDARD_cholesky_STANDARD
	57913		  6168   	15490130304.28	8035472736.14	8673211.28	343409732.57	454180246.42	160964.14	0	0	97.00	0	0	1.92	8673211.28	23.12	30.58	.01	.75	5674.68
	57915		 12940   	971164172.60	5281842111.13	58422986.46	182640342.60	181899608.66	87275.33	36.53	0	97.00	0	0	.18	58422986.40	12.70	12.65	0	1.00	3964.02
	57933		  5831   	17408192818.33	9030054289.66	9794895.00	385970222.00	510056675.66	237094.16	0	0	97.00	0	0	1.92	9794895.00	25.42	33.60	.01	.75	3069.11
gramschmidt_STANDARD_durbin_STANDARD
	58769		  6301   	1247631572.85	4276329071.00	11702449.00	93447601.00	70727690.14	7770821.14	0	0	97.00	0	0	.27	11702449.00	6.44	4.91	.51	1.31	11.45
	58771		 12631   	971472179.53	5290795330.80	55403163.40	182826483.13	182036802.06	378917.13	29.06	0	97.00	0	0	.18	55403163.00	12.71	12.66	.02	1.00	781.94
	58789		  5537   	1298335532.00	4442809277.33	12268698.00	97168487.66	73017170.16	8079257.66	0	0	97.00	0	0	.29	12268698.00	6.77	5.08	.55	1.33	9.28
gramschmidt_STANDARD_ep
	59230		 10297   	6446321799.54	8637253284.63	118697.90	14483457.81	15120927.90	18463.36	0	0	97.00	0	0	.74	118697.90	.96	1.00	0	.96	1713.00
	59232		 12910   	971278337.06	5279981440.73	54434768.80	182905894.86	182127449.20	50805.06	33.00	0	97.00	0	0	.18	54434768.86	12.57	12.52	0	1.00	21718.06
	59255		  1794   	6240480389.50	8364404145.50	116764.00	14344044.00	15273125.00	22207.50	0	0	97.00	0	0	.74	116764.00	1.01	1.08	0	.94	2211.44
gramschmidt_STANDARD_gemm_STANDARD
	59707		 14009   	3039291662.43	8103371479.31	11109490.62	341131820.18	337791126.93	763904.37	2.43	0	97.00	0	0	.37	11109490.62	23.42	23.19	.05	1.01	733.07
	59709		 13065   	1121168888.76	6096761967.92	66880581.30	211104217.69	210203495.30	232475.30	43.69	0	97.00	0	0	.18	66880581.53	13.45	13.39	.01	1.00	1051.80
	59727		   877   	1138145191.00	6372821682.00	69658726.00	225652052.00	224558811.00	795011.00	0	0	97.00	0	0	.17	69658728.00	16.46	16.38	.05	1.00	282.46
gramschmidt_STANDARD_syrk_STANDARD
	63174		 14762   	20329594384.94	8023290560.17	3676656.47	317928772.70	317949288.64	1374736.41	2.76	0	97.00	0	0	2.53	3676656.47	22.08	22.08	.09	1.00	270.42
	63176		 13077   	1121237259.61	6096853702.23	66513087.15	210929385.46	210039126.84	366501.69	45.69	0	97.00	0	0	.18	66513086.46	13.43	13.37	.02	1.00	614.87
	63194		  1626   	970331350.00	5330278461.50	57672867.00	186226953.50	185374828.00	454880.00	14.00	0	97.00	0	0	.18	57672864.00	14.36	14.30	.03	1.00	557.45
syrk_STANDARD_2mm_STANDARD
	55144		 11224   	3056340621.75	8449153615.50	10093613.83	364243429.66	357988675.91	4294083.00	0	0	97.00	0	0	.36	10093613.83	24.09	23.67	.28	1.01	85.25
	55146		 15084   	20333200353.76	8101073040.58	3652983.88	318347443.35	318010043.17	4464447.70	43.76	0	97.00	0	0	2.51	3652983.88	22.06	22.04	.29	1.00	107.77
	55164		  2954   	3331070203.00	8907345664.00	11308314.33	374208165.00	368675201.66	3717354.66	0	0	97.00	0	0	.37	11308314.33	24.33	23.97	.24	1.01	99.52
syrk_STANDARD_3mm_STANDARD
	55764		 16277   	2721350310.36	7814513395.21	8532962.84	344250945.26	341522441.94	4857530.78	.26	0	97.00	0	0	.34	8532962.84	24.35	24.16	.34	1.00	274.27
	55766		 15219   	21606330315.56	8588069545.75	4009170.68	337906961.00	337893438.31	4068927.75	47.25	0	97.00	0	0	2.51	4009170.68	22.03	22.03	.26	1.00	83.92
	55795		   126   	2092946044.00	899052019.00	383780.00	32823203.00	32850765.00	1842507.00	0	0	97.00	0	0	2.32	383780.00	16.67	16.68	.93	1.00	17.83
syrk_STANDARD_blackscholes
	57372		 82758   	8504913301.53	6026435596.70	235380.34	16930463.27	26395730.51	4756044.01	2.36	0	97.00	0	0	0	235380.34	1.13	1.77	.32	.75	100.08
	57374		 14953   	23039623457.66	9079623505.66	4039937.06	360379129.06	360427613.26	1720692.00	38.53	0	97.00	0	0	2.53	4039937.06	23.12	23.12	.11	1.00	211.76
	57389		 15176   	21606698514.37	8597482349.43	3892069.56	338002281.50	338007482.31	1679924.06	41.68	0	97.00	0	0	2.51	3892069.56	22.01	22.01	.10	1.00	234.47
	57397		 15238   	21606468621.81	8631298215.43	3882503.62	337970994.25	338004436.93	2159114.81	42.68	0	97.00	0	0	2.50	3882503.62	22.26	22.26	.14	1.00	161.94
	57402		 15335   	21606591302.62	8698983577.37	3810521.50	337955206.25	338081580.37	3786855.93	43.62	0	97.00	0	0	2.48	3810521.50	22.32	22.33	.24	1.00	90.42
	57418		 15049   	23045164246.66	9156200108.26	4115546.66	360430430.33	360499070.26	2839568.66	41.40	0	97.00	0	0	2.51	4115546.66	22.99	22.99	.18	1.00	133.01
	57423		  4165   	19355323722.40	7635115296.20	3407762.60	302687143.80	302700580.20	734488.60	23.20	0	97.00	0	0	2.52	3407762.60	23.18	23.19	.06	1.00	474.03
syrk_STANDARD_cholesky_STANDARD
	58064		  6336   	15499216228.71	8123528192.85	8763298.14	344928923.71	458092571.42	1921718.00	0	0	97.00	0	0	1.90	8763298.14	23.69	31.42	.13	.75	242.62
	58066		 15153   	18189331343.36	7306723931.57	3331269.57	284521690.26	284544464.15	6141806.47	39.15	0	97.00	0	0	2.49	3331269.57	21.55	21.55	.43	1.00	68.23
	58084		  6314   	15500952969.00	8107226477.85	8791887.85	344533920.14	456245522.42	2000839.00	0	0	97.00	0	0	1.91	8791887.85	23.66	31.33	.13	.75	232.33
	58089		   928   	15808392450.00	8312916695.00	9016879.00	351116228.00	465558488.00	2399289.00	0	0	97.00	0	0	1.90	9016879.00	24.21	32.10	.16	.75	194.04
syrk_STANDARD_ep
	59364		 10534   	6453613949.36	8707501139.72	114502.18	14748468.54	15731606.27	1997217.54	0	0	97.00	0	0	.74	114502.18	.97	1.03	.13	.94	7.86
	59366		 15095   	20331901485.11	8113915886.70	3521820.35	318022565.70	318011990.58	4391273.17	41.11	0	97.00	0	0	2.50	3521820.35	21.98	21.98	.29	1.00	78.03
	59384		  3996   	6787389646.25	9146858747.50	113393.50	16482809.25	18080645.25	2204554.00	0	0	97.00	0	0	.74	113393.50	1.05	1.15	.14	.91	8.20
syrk_STANDARD_gemm_STANDARD
	59837		 14334   	3239527206.06	8668596056.06	11404254.80	364619237.80	360487204.46	4932743.13	0	0	97.00	0	0	.37	11404254.80	24.17	23.89	.32	1.01	73.43
	59839		 15084   	21608331848.43	8605169699.06	3987883.81	337959904.43	337953222.75	4484425.18	47.06	0	97.00	0	0	2.51	3987883.81	22.98	22.98	.29	1.00	84.44
	59857		  1003   	3496122551.00	9275300306.00	12253711.00	390109666.00	385194906.00	765109.00	33.00	0	65.00	0	0	.37	12253711.00	24.89	24.57	.04	1.01	503.45
