Bench	PID		time	Instr Ret	Unh Clk Cycles	l2 trans reqs	l1lines	l2lines	Per Core bw	Power	Power2	Power3	bandwidth	 	IPC	MEM INTENSIITY	L2->L1 BW (MB)	L3->L2 BW (MB)	MM->L3 BW (MB)	L2 REUSE	L3 REUSE
ft
	60009		  8912   	2777412438.69	6241339712.46	25955275.30	175815401.15	137496436.61	30155289.23	4.84	0	97.00	0	0	.57	25955275.38	14.26	11.08	2.46	1.30	3.96
	60011		  3361   	7129536451.75	5517213559.25	4103067.25	312529307.75	55281202.00	28073575.00	35.25	0	97.00	0	0	1.28	4103067.25	25.15	4.40	2.23	5.45	1.94
	60030		  3445   	7126980885.75	5549297842.75	4293884.00	312520482.25	59064189.75	27957197.00	26.75	0	97.00	0	0	1.27	4293884.00	24.46	4.57	2.16	5.14	2.08
	60041		   661   	1011209917.00	3350435451.00	281195.00	19764325.00	11637507.00	8414165.00	0	0	97.00	0	0	.30	281195.00	1.91	1.12	.81	1.70	1.38
ft
	60426		  7542   	3249459006.36	6078472927.45	49674.27	64931367.63	51420248.45	49079133.63	3.45	0	97.00	0	0	0	49674.27	4.99	3.95	3.77	1.06	1.81
	60428		  3419   	7110518758.50	5605023186.25	4044933.75	312428155.50	53104815.50	27945931.00	34.75	0	97.00	0	0	1.26	4044933.75	24.82	4.15	2.19	5.77	1.86
	60447		  3423   	7123139076.00	5762801817.25	3920004.00	312428442.25	53278339.50	29002049.00	26.25	0	97.00	0	0	1.22	3920004.00	26.08	4.32	2.31	5.73	1.83
	60452		  1004   	4447597222.00	5744520790.00	1170348.00	174818669.00	35342174.00	18926550.00	25.00	0	65.00	0	0	.77	1170348.00	11.14	2.25	1.20	4.95	1.87
ft
	61734		 10944   	2469168931.00	6652594878.20	32211710.26	185300844.66	149403329.33	27671990.33	5.20	0	97.00	0	0	.36	32211710.66	14.31	11.54	2.16	1.22	5.81
	61736		  3275   	7114168499.00	5322441219.00	4104609.75	312416769.75	53623865.25	27924022.75	33.50	0	97.00	0	0	1.40	4104609.75	25.37	4.12	2.11	5.98	1.94
	61754		  3395   	7195982055.50	5578838991.25	4362618.25	312615642.25	72905299.25	27996954.00	26.00	0	97.00	0	0	1.27	4362618.25	25.22	5.87	2.23	4.19	2.58
	61759		  2740   	6814442526.66	5781858275.00	3890789.00	291493414.33	57624098.33	26615734.33	24.66	0	97.00	0	0	1.13	3890789.00	22.80	4.47	2.05	4.90	2.14
ft
	62823		 16517   	11204639722.40	5965633287.44	1572971.16	243933524.60	222333186.08	36538033.60	5.40	0	97.00	0	0	0	1572971.16	19.41	17.69	2.90	1.02	5.87
	62825		  3269   	7112135860.75	5243115730.00	4220467.75	312473635.25	53162392.00	28116032.00	39.50	0	97.00	0	0	1.44	4220467.75	24.39	3.94	2.07	6.11	1.85
	62844		  3319   	7143261413.50	5350482154.25	4199218.00	312646010.00	57209834.50	28362667.00	28.00	0	97.00	0	0	1.35	4199218.00	25.26	4.51	2.20	5.39	1.99
	62849		  3288   	7120140368.50	5289992692.50	4224446.50	312522618.75	53538163.50	28075958.25	28.50	0	97.00	0	0	1.40	4224446.50	25.66	4.14	2.13	6.01	1.90
	62854		  3316   	7133045813.50	5332883542.25	4240066.25	312619186.00	55860843.00	28156520.50	29.00	0	97.00	0	0	1.37	4240066.25	25.23	4.35	2.15	5.60	1.98
	62859		    36   	8933243.00	56934181.00	11798.00	700219.50	371202.00	272129.50	0	0	97.00	0	0	0	11798.00	1.44	.76	.56	.94	.68
ft
	63362		  7859   	2937833735.81	6387246671.09	32685.63	32597513.36	29715842.63	24635741.00	3.36	0	97.00	0	0	.45	32685.63	2.67	2.44	2.02	1.01	1.09
	63364		  3253   	7109058632.50	5282934248.00	4174202.25	312391803.00	53490193.75	27243711.50	32.25	0	97.00	0	0	1.42	4174202.25	25.27	4.08	2.06	6.05	1.96
	63382		  3293   	7128182719.00	5389465489.75	4104083.00	312628040.50	55360844.50	27888761.50	24.25	0	97.00	0	0	1.33	4104083.00	25.98	4.53	2.27	5.52	1.97
	63387		  1003   	4421912789.00	5507828738.00	1192324.00	171382036.00	33501891.00	17296298.00	26.00	0	65.00	0	0	.80	1192324.00	10.93	2.13	1.10	5.12	1.94
ft
	63557		 14570   	14473615025.57	6372402386.95	4674089.19	234384118.52	284254104.52	6695431.85	6.14	0	97.00	0	0	2.30	4674089.19	18.84	22.81	.56	.83	101.18
	63559		  3231   	7130622271.00	5246501079.00	4477567.00	312504424.25	62289195.75	27816975.00	37.00	0	97.00	0	0	1.43	4477567.00	24.87	4.80	2.10	5.08	2.28
	63577		  3167   	7134759959.00	5150396941.25	4328365.25	312555198.25	60107291.25	27917881.25	26.00	0	97.00	0	0	1.46	4328365.25	24.68	4.57	2.15	5.35	2.10
	63582		  3149   	7125579362.00	5084840727.25	4254062.00	312491652.25	55940850.25	27481623.75	25.25	0	97.00	0	0	1.50	4254062.00	23.50	4.02	2.05	5.98	1.90
	63587		  2285   	8667870475.00	5633317958.25	3299353.25	236764227.25	121262886.25	19887316.75	14.25	0	97.00	0	0	1.50	3299353.25	24.29	9.05	1.93	4.61	5.60
gesummv_STANDARD_gemver_STANDARD
	60065		  9085   	3271183590.72	7465188865.63	31112296.00	207866628.90	156778244.54	35744997.54	3.54	0	97.00	0	0	.60	31112295.54	15.06	11.32	2.62	1.39	4.09
	60067		  7727   	4488002364.00	8358652319.00	81097.75	89507367.62	70825606.50	67595215.37	41.87	0	97.00	0	0	.53	81097.75	5.90	4.67	4.45	1.26	1.05
	60085		   941   	3600563802.00	6744827739.00	71761.00	71262140.00	56328871.00	53793787.00	0	0	97.00	0	0	.53	71761.00	4.84	3.83	3.65	1.27	1.05
mvt_STANDARD_gemver_STANDARD
	60157		  8796   	3996616975.11	8735186554.11	37934215.22	254001163.55	183318677.55	43623058.77	0	0	97.00	0	0	.45	37934215.33	16.59	11.97	2.84	1.38	4.20
	60159		 10961   	2837452252.00	7653491653.84	38175275.92	213902458.61	170944354.53	31973973.84	36.61	0	97.00	0	0	.37	38175275.23	15.09	12.08	2.32	1.23	5.01
	60182		  1830   	3692171797.00	8161689844.00	34438981.00	228306469.50	175076079.50	38843806.50	0	0	97.00	0	0	.45	34438982.00	16.11	12.35	2.73	1.30	4.51
mvt_STANDARD_gesummv_STANDARD
	60519		  7445   	4417783574.25	8033220156.87	78468.00	89466639.37	70794514.00	67632731.00	0	0	97.00	0	0	.54	78468.00	6.02	4.76	4.55	1.26	1.05
	60521		 11159   	2634011207.07	7254742311.92	35507038.64	198747242.35	173226965.42	29721569.07	33.85	0	97.00	0	0	.36	35507039.00	13.84	12.07	2.09	1.09	5.50
	60539		  3015   	3501559935.00	6356837186.75	66485.75	71075495.50	56144277.00	53632040.50	0	0	97.00	0	0	.58	66485.75	6.46	4.96	4.78	1.30	1.04
syr2k_STANDARD_gemver_STANDARD
	60205		  8932   	3995368737.33	8837522294.11	40520762.00	253952425.22	197499679.00	43563656.77	0	0	97.00	0	0	.45	40520762.66	16.36	12.72	2.80	1.28	4.54
	60207		 16605   	14735784989.63	7932827244.78	2358419.73	322867700.15	292683866.05	59312858.42	44.47	0	97.00	0	0	1.87	2358419.73	22.87	20.75	4.08	1.09	5.33
	60225		  7446   	3808596549.00	8407667579.25	38306928.12	240265365.62	184519745.87	41361801.50	0	0	97.00	0	0	.45	38306927.00	16.41	12.60	2.84	1.30	4.42
syr2k_STANDARD_gesummv_STANDARD
	60562		  7385   	4406520485.37	7988815244.50	77846.62	89575297.62	70950260.37	67440068.37	0	0	97.00	0	0	.55	77846.62	6.10	4.82	4.58	1.26	1.05
	60564		 16234   	13331178486.00	7055222840.33	2207425.57	291995528.90	264459602.95	56008488.71	38.66	0	97.00	0	0	0	2207425.57	21.58	19.57	3.95	.99	4.93
	60582		  7363   	4407410281.62	7989932839.25	77606.87	89572143.50	70920819.25	67438139.62	0	0	97.00	0	0	.55	77606.87	6.13	4.84	4.61	1.26	1.05
	60597		     5   	70508.00	177926.00	220.00	17.00	14.00	0	0	0	97.00	0	0	0	220.00	0	0	0	.60	0
syr2k_STANDARD_mvt_STANDARD
	61826		 11066   	3351824448.27	8984151703.27	47242356.36	252842379.90	211551320.81	37823947.81	0	0	97.00	0	0	.37	47242356.00	16.09	13.46	2.40	1.19	5.59
	61828		 15999   	15555278619.44	8076504935.22	2542243.38	340377977.38	308425771.94	62897936.27	45.77	0	97.00	0	0	1.93	2542243.38	23.61	21.42	4.21	1.09	5.46
	61846		  4818   	3308340832.00	8685268122.60	46072882.00	246407878.20	191954341.80	36869894.80	0	0	97.00	0	0	.38	46072883.20	16.36	12.75	2.44	1.28	5.21
trisolv_STANDARD_gemver_STANDARD
	60291		  8838   	3276674309.90	7175873564.63	30345775.09	207813828.18	150228587.27	35670382.00	2.36	0	97.00	0	0	.61	30345774.63	15.82	11.38	2.73	1.43	4.06
	60293		  8041   	4046189657.87	8758044555.12	50850.62	44804845.50	40869105.62	33802497.62	42.75	0	97.00	0	0	.46	50850.62	2.85	2.60	2.15	1.09	1.20
	60311		   680   	2262303278.00	4949758247.00	26954.00	24570225.00	22418668.00	18699817.00	0	0	97.00	0	0	.45	26954.00	2.31	2.10	1.75	1.10	1.20
trisolv_STANDARD_gesummv_STANDARD
	60665		  7397   	4412237938.00	8025196593.50	68492.12	89530867.75	70849161.25	67538050.00	0	0	97.00	0	0	.55	68492.12	6.09	4.81	4.59	1.26	1.05
	60667		  7961   	3596544724.33	7877010423.00	44032.55	39920807.55	36465974.00	30060427.44	36.44	0	97.00	0	0	.45	44032.55	2.91	2.66	2.19	1.09	1.21
	60685		  1004   	4459792824.00	7982055333.00	151107.00	90996608.00	71761167.00	68253870.00	30.00	0	65.00	0	0	.55	151107.00	5.80	4.57	4.35	1.27	1.05
trisolv_STANDARD_mvt_STANDARD
	61918		 11202   	2648399957.64	7067371705.14	34582124.78	198633160.64	165293681.57	29677680.78	2.85	0	97.00	0	0	.37	34582124.64	15.60	12.97	2.25	1.12	5.30
	61920		  7956   	4043075477.62	8736798017.12	53319.12	44729944.50	40757340.75	33827925.87	42.25	0	97.00	0	0	.46	53319.12	2.87	2.62	2.17	1.09	1.20
	61938		  3095   	3070631346.75	6641965469.50	27387.75	33873345.25	30906428.00	25666750.75	21.50	0	97.00	0	0	.46	27387.75	2.83	2.58	2.14	1.09	1.20
trisolv_STANDARD_syr2k_STANDARD
	62971		 16135   	14743716452.47	7631993480.31	2406333.05	321413083.47	292571378.26	57977553.68	2.42	0	97.00	0	0	0	2406333.05	21.84	19.89	3.85	1.04	4.84
	62973		 15155   	5556578164.66	8763588947.22	374858.00	82684396.00	75296378.55	37829469.11	44.55	0	97.00	0	0	.62	374858.00	5.28	4.81	2.42	1.09	1.63
	62991		  7994   	4042223544.25	8710934373.62	51113.37	44774111.37	40754187.25	33890944.62	44.00	0	97.00	0	0	.46	51113.37	2.86	2.60	2.17	1.09	1.20
	62996		  1003   	3819963015.00	8191059943.00	110753.00	42790766.00	38785730.00	32261260.00	30.00	0	65.00	0	0	.46	110753.00	2.73	2.47	2.05	1.10	1.20
trmm_STANDARD_gemver_STANDARD
	60334		  8846   	3997025106.44	8809382311.33	38857554.11	254005330.77	201956256.44	43560897.22	0	0	97.00	0	0	.45	38857554.66	16.50	13.12	2.83	1.25	4.63
	60336		 14987   	17880395839.41	7998247803.05	5978567.05	289616292.70	350431010.17	10273762.70	42.64	0	97.00	0	0	2.26	5978567.05	20.35	24.61	.67	.82	80.87
	60354		  5858   	3988411559.66	8842835999.16	38540440.16	251679254.00	204198410.50	43209949.00	0	0	97.00	0	0	.45	38540439.33	16.51	13.40	2.83	1.23	4.73
trmm_STANDARD_gesummv_STANDARD
	60708		  7290   	4395527393.12	7913865696.50	77115.12	89594364.75	70852424.25	67399168.25	0	0	97.00	0	0	.55	77115.12	6.12	4.83	4.60	1.26	1.05
	60710		 14915   	17881860689.47	7962954058.05	5771708.76	289436524.47	349055345.88	15507742.00	41.82	0	97.00	0	0	2.26	5771708.76	20.36	24.49	1.04	.83	112.26
	60728		  6808   	4745793681.71	8540821152.71	69892.71	96803636.85	76589486.28	72806306.28	0	0	97.00	0	0	.55	69892.71	6.37	5.04	4.79	1.26	1.05
trmm_STANDARD_mvt_STANDARD
	61961		 10808   	3351292847.72	8847547969.81	45709548.18	252892668.63	208493565.90	37759363.18	0	0	97.00	0	0	.37	45709548.36	16.46	13.57	2.45	1.21	5.53
	61963		 14292   	17882995421.82	7626744783.47	6052352.00	289587357.64	351828501.88	7429236.82	40.41	0	97.00	0	0	2.35	6052352.00	21.19	25.70	.51	.82	92.53
	61981		  3179   	2696392172.00	7163799806.00	36010408.50	198690426.50	169243373.25	29621461.50	0	0	97.00	0	0	.37	36010408.75	15.80	13.46	2.38	1.17	5.65
trmm_STANDARD_syr2k_STANDARD
	63020		 15846   	15554281979.00	7999309391.22	2346820.33	339802789.50	308758968.94	64055207.00	2.11	0	97.00	0	0	1.94	2346820.33	23.59	21.45	4.39	1.09	4.87
	63022		 14886   	20268778920.00	8909926191.60	6687911.00	328208105.06	395009783.00	23127633.33	55.20	0	97.00	0	0	2.27	6687911.00	21.13	25.43	1.49	.83	17.07
	63040		   689   	12792106203.00	5990166237.00	3617958.00	207631158.00	246105105.00	30214974.00	0	0	97.00	0	0	2.13	3617958.00	19.28	22.86	2.80	.84	8.15
trmm_STANDARD_trisolv_STANDARD
	63460		  7956   	4046942791.50	8716105579.62	51863.12	44813712.62	40822585.12	33845814.12	0	0	97.00	0	0	.46	51863.12	2.88	2.62	2.17	1.09	1.20
	63462		 14228   	17879307246.94	7595459332.76	5891583.47	289558499.29	351775383.52	7299470.17	39.05	0	97.00	0	0	2.37	5891583.47	21.73	26.10	.51	.83	66.00
	63485		  6099   	3571890296.28	7711015512.00	39618.14	39431247.28	35945287.00	29831030.00	0	0	97.00	0	0	.46	39618.14	2.90	2.64	2.19	1.09	1.20
