Bench	PID		time	Instr Ret	Unh Clk Cycles	l2 trans reqs	l1lines	l2lines	Per Core bw	Power	Power2	Power3	bandwidth	 	IPC	MEM INTENSIITY	L2->L1 BW (MB)	L3->L2 BW (MB)	MM->L3 BW (MB)	L2 REUSE	L3 REUSE
jacLR_2mm_STANDARD
	53580		 13380   	4802164807.07	8599885552.57	5570109.71	218434178.42	145500395.00	141820547.28	0	0	97.00	0	0	.55	5570109.71	14.46	9.63	9.38	1.50	1.03
	53582		 15516   	2039847239.11	7831933611.77	8048385.66	247057035.27	241592672.77	7237822.50	40.50	0	97.00	0	0	.26	8048385.66	17.90	17.52	.49	1.01	417.33
	53600		  1385   	3428561232.00	6180629723.00	3845163.00	152772932.50	101746500.00	99097356.00	0	0	97.00	0	0	.55	3845163.00	14.48	9.64	9.39	1.50	1.03
jacLR_3mm_STANDARD
	53623		 13400   	4812072007.35	8608023515.50	5554789.71	218377788.50	145659078.57	141757491.28	0	0	97.00	0	0	.55	5554789.71	14.41	9.61	9.35	1.50	1.03
	53625		 23346   	1989911665.42	8137840809.65	6957639.73	257069454.92	250982472.96	7658051.92	42.38	0	97.00	0	0	.25	6957639.73	18.00	17.59	.51	1.02	255.46
	53643		  9203   	4681812446.50	8346876547.60	5377916.20	212040880.70	141272983.90	137542355.20	0	0	97.00	0	0	.56	5377916.20	14.72	9.80	9.54	1.50	1.03
jacLR_blackscholes
	53672		 12532   	5170921844.23	8794328784.69	6030669.07	235078338.53	156569236.15	152909804.69	0	0	97.00	0	0	.58	6030669.07	15.54	10.35	10.10	1.50	1.02
	53674		 87662   	7985261691.04	5852235089.16	146126.21	15811410.49	24720303.65	4629883.61	38.62	0	97.00	0	0	0	146126.21	1.10	1.71	.32	.67	39.78
	53689		 12744   	5174103172.30	8845259249.76	5977871.07	235081501.92	156455493.15	152858270.61	0	0	97.00	0	0	.58	5977871.07	15.31	10.19	9.95	1.50	1.02
	53697		 12907   	5176269840.84	8944926373.69	5959048.61	235185712.69	157066537.69	152903588.61	0	0	97.00	0	0	.57	5959048.61	15.14	10.11	9.84	1.49	1.03
	53708		 12875   	5175602846.69	8937672815.00	5960844.61	235192461.38	157076418.61	152900886.84	0	0	97.00	0	0	.57	5960844.61	15.18	10.14	9.87	1.50	1.03
	53713		 12859   	5183819498.30	8921153461.23	5878458.46	235179114.92	156737891.76	152744754.53	0	0	97.00	0	0	.58	5878458.46	15.20	10.13	9.87	1.50	1.03
	53718		 12813   	5175143465.38	8904154899.84	5979544.07	235206334.46	156678270.76	152906107.53	0	0	97.00	0	0	.58	5979544.07	15.26	10.16	9.92	1.50	1.02
	53723		  8993   	5388044101.33	9158256078.22	6281973.55	244640324.88	162840661.11	159107256.66	0	0	97.00	0	0	.58	6281973.55	15.67	10.43	10.19	1.50	1.02
jacLR_cholesky_STANDARD
	53751		 12967   	4499889563.26	7763907497.60	5234248.13	203819711.60	135733935.73	131527166.53	3.13	0	97.00	0	0	.61	5234248.13	14.32	9.57	9.29	1.47	1.02
	53753		  7452   	13657534063.25	8268520332.75	7759741.50	304797459.25	397857075.87	4236344.37	45.12	0	97.00	0	0	1.65	7759741.50	20.44	26.68	.28	.76	95.34
	53771		  4795   	14267073158.40	8674503782.40	8062292.40	318591252.80	415883026.00	4645071.80	37.00	0	97.00	0	0	1.64	8062292.40	21.25	27.75	.31	.76	89.48
jacLR_durbin_STANDARD
	53848		 13271   	4207727509.81	7688408587.31	4942342.87	191048400.75	127197464.56	124509604.43	2.43	0	97.00	0	0	.60	4942342.87	14.13	9.45	9.27	1.47	1.01
	53850		  8187   	1127557075.66	4111983020.77	10976457.77	72747951.66	54967506.66	6711100.88	36.88	0	97.00	0	0	.28	10976457.77	4.64	3.50	.42	1.23	8.21
	53868		  4089   	955871470.00	3527734066.00	9863324.40	64515017.40	48752611.20	5676412.40	25.00	0	97.00	0	0	.23	9863324.40	5.13	3.96	.40	1.30	11.61
jacLR_ep
	53891		 13211   	4212941194.18	7481294405.87	4776763.56	191066157.62	127288296.56	124342740.56	2.81	0	97.00	0	0	.55	4776763.56	13.94	9.29	9.08	1.41	.95
	53893		 10855   	6455136715.54	8871064918.90	75810.27	14642004.63	15650827.63	10751814.90	44.90	0	97.00	0	0	.72	75810.27	.94	1.01	.69	.93	1.45
	53911		  2060   	4517293042.33	6204011634.00	49398.00	10423330.66	11237670.33	7495431.66	15.66	0	97.00	0	0	.72	49398.00	.94	1.01	.71	.94	1.41
jacLR_gemm_STANDARD
	53983		 13347   	4801154129.07	8596809162.00	5608169.42	218364759.64	145871167.21	141812888.14	0	0	97.00	0	0	.55	5608169.42	14.54	9.71	9.44	1.50	1.03
	53985		 19905   	2212981717.22	8227431131.90	9657396.59	253179720.90	247194718.09	7567853.95	42.77	0	97.00	0	0	.27	9657396.59	17.82	17.42	.50	1.02	243.12
	54006		  5790   	4894525128.00	8736620668.00	5577793.16	221404175.00	147437870.33	143639229.00	0	0	97.00	0	0	.56	5577793.16	14.68	9.78	9.52	1.50	1.03
jacLR_gramschmidt_STANDARD
	54120		 13174   	4801502908.42	8608660884.92	5654276.42	218312213.21	145717398.50	141710652.21	0	0	97.00	0	0	.55	5654276.42	14.36	9.59	9.32	1.50	1.03
	54122		 14437   	859322857.05	5078196352.11	52503212.52	169034766.23	164354564.35	3249892.17	35.76	0	97.00	0	0	.17	52503211.70	11.62	11.31	.21	1.02	12120.76
	54145		   320   	1506183142.00	2770139615.00	1566248.00	61184326.00	40769217.00	39702107.00	0	0	97.00	0	0	.54	1566248.00	12.23	8.15	7.94	1.50	1.03
jacLR_syrk_STANDARD
	54261		 13896   	4815659636.35	8938628210.92	5231224.71	218342906.07	146126262.21	141712467.85	0	0	97.00	0	0	.53	5231224.71	14.06	9.41	9.13	1.49	1.03
	54263		 30818   	9885422789.54	7999957521.40	1476212.34	154534002.62	154680089.14	26979181.31	42.74	0	97.00	0	0	1.36	1476212.34	11.58	11.59	1.76	1.00	28.58
	54281		 13911   	4804447731.00	8961289497.14	5274514.71	218360468.71	145697132.21	141784410.00	0	0	97.00	0	0	.53	5274514.71	14.05	9.37	9.12	1.49	1.03
	54292		  2569   	4118906843.00	7712437774.66	4453131.66	184050017.33	122852467.33	119518389.33	0	0	97.00	0	0	.53	4453131.66	13.79	9.20	8.95	1.50	1.03
stream_d0_2mm_STANDARD
	54707		  7380   	5476790440.12	7797386177.87	218939.00	160145027.50	160425344.25	155870263.12	0	0	97.00	0	0	.90	218939.00	10.35	10.36	10.07	.99	1.02
	54709		 15205   	2037435628.38	7654314413.05	8858828.88	244657989.11	241299576.27	7404329.16	40.22	0	97.00	0	0	.28	8858828.88	18.54	18.31	.53	1.01	273.83
	54727		  7104   	5394877229.12	7756291812.50	94786.00	159546552.00	159794384.62	155202832.12	0	0	97.00	0	0	.90	94786.00	10.48	10.50	10.21	.99	1.02
stream_d0_3mm_STANDARD
	54750		  7379   	5476784269.00	7808338222.00	169685.62	160198613.12	160444095.75	155865363.37	0	0	97.00	0	0	.90	169685.62	10.35	10.37	10.08	.99	1.02
	54752		 22268   	1915464352.22	7503785602.66	7514908.59	244430349.11	241289189.88	7130486.51	38.96	0	97.00	0	0	.26	7514908.59	18.51	18.29	.50	1.01	531.39
	54770		  7375   	5478140204.00	7805435209.37	228835.75	160155103.00	160450535.87	155875388.62	0	0	97.00	0	0	.90	228835.75	10.35	10.37	10.08	.99	1.02
	54775		  6083   	5229744739.42	7708172282.71	128485.57	160875800.28	161207496.00	156386926.00	0	0	97.00	0	0	.68	128485.57	11.99	12.01	11.66	.99	1.02
stream_d0_blackscholes
	49991		 86596   	7319499824.51	5302491343.43	143080.61	14528702.25	22746944.28	4244540.34	4.50	0	97.00	0	0	0	143080.61	1.03	1.61	.30	.70	69.14
	49993		  6869   	6257773946.28	8367863019.28	203988.42	183025263.71	183349150.57	178537265.71	36.85	0	97.00	0	0	.76	203988.42	11.81	11.83	11.52	.99	1.02
	50011		  7043   	6308606745.42	8343279185.00	237093.85	183041658.85	183353405.00	178577556.14	32.71	0	97.00	0	0	.76	237093.85	11.65	11.67	11.37	.99	1.02
	50016		  8521   	5087805209.11	6946802009.22	81970.66	142388214.88	142594050.22	138845592.33	33.00	0	97.00	0	0	.82	81970.66	9.20	9.21	8.97	.99	1.02
	50024		  7111   	5479707498.87	7516744604.50	190925.00	160208591.37	160470546.12	156128708.12	36.37	0	97.00	0	0	.64	190925.00	10.22	10.24	9.96	.93	1.46
	50029		  7067   	6262172925.42	8557597392.42	201133.14	183123696.14	183427613.42	178424858.42	41.28	0	97.00	0	0	.73	201133.14	11.64	11.66	11.34	.99	1.02
	50034		  7074   	6264052624.42	8556969206.00	168350.57	183057883.57	183367719.85	178425184.42	41.28	0	97.00	0	0	.73	168350.57	11.62	11.64	11.33	.99	1.02
	50045		  7095   	5484813881.50	7500463921.00	191709.50	160245692.87	160525355.37	156118694.50	36.25	0	97.00	0	0	.64	191709.50	10.22	10.24	9.96	.93	1.62
	50055		  7085   	5479059615.00	7485056065.87	169873.87	160213521.62	160453291.50	156114115.50	36.25	0	97.00	0	0	.64	169873.87	10.22	10.24	9.96	.91	10.06
	50070		  7116   	5485394656.00	7491916644.25	97588.50	160186904.37	160447925.25	156110789.37	36.37	0	97.00	0	0	.64	97588.50	10.22	10.24	9.96	.92	10.04
	50075		  7060   	6261068866.71	8530040952.28	117184.57	183075389.85	183374598.57	178423530.85	39.28	0	97.00	0	0	.74	117184.57	11.64	11.66	11.34	.99	1.02
	50080		  6914   	6268015837.28	8394301877.28	107917.71	183011779.28	183309249.00	178508026.28	32.42	0	97.00	0	0	.76	107917.71	11.76	11.78	11.48	.99	1.02
	50085		  2646   	4031267162.25	5634286231.25	168890.00	120827254.50	121328400.25	117039436.00	14.75	0	97.00	0	0	0	168890.00	9.10	9.13	8.83	1.00	1.04
stream_d0_cholesky_STANDARD
	54799		  7028   	5476189789.87	7506907507.62	186876.75	160135495.62	160406678.37	155216008.87	0	0	97.00	0	0	0	186876.75	10.21	10.23	9.90	.87	.90
	54801		  7025   	15593975448.28	8952348695.57	8920593.42	348450315.42	460566293.57	4675385.57	49.71	0	97.00	0	0	1.74	8920593.42	22.22	29.37	.29	.75	99.37
	54819		  1003   	17829405833.00	9300470091.00	9800937.00	395527485.00	525027938.00	542763.00	35.00	0	65.00	0	0	1.91	9800937.00	25.23	33.50	.03	.75	967.32
stream_d0_durbin_STANDARD
	55018		  7434   	5479370438.87	8058591461.25	76267.50	160124742.75	160380394.50	156188986.25	0	0	97.00	0	0	.88	76267.50	10.34	10.36	10.09	.99	1.02
	55020		  7437   	1072711227.00	3843143798.55	10564475.66	72713263.33	54894391.44	6695876.00	33.11	0	97.00	0	0	0	10564475.66	5.06	3.84	.44	1.17	8.74
	55038		  1004   	5920690325.00	8536655226.00	214122.00	163746535.00	165404866.00	155487170.00	35.00	0	65.00	0	0	.69	214122.00	10.43	10.54	9.91	.99	1.06
stream_d0_ep
	55061		  7350   	5476363317.37	7755194241.25	203848.37	160148391.12	160396203.37	156283788.12	0	0	97.00	0	0	.90	203848.37	10.32	10.34	10.07	.99	1.02
	55063		 10714   	5470899471.15	7524999413.53	56759.00	12193594.46	12867659.69	9127041.23	36.23	0	97.00	0	0	.72	56759.00	.89	.94	.61	.95	1193.53
	55081		  2586   	5096171591.00	7429139481.66	146311.66	153178673.00	153832904.00	148317978.00	0	0	97.00	0	0	.68	146311.66	11.54	11.58	11.19	.99	1.03
stream_d0_gemm_STANDARD
	55149		  7397   	5477009582.00	7781894814.12	138219.25	160143264.50	160419195.75	155872457.75	0	0	97.00	0	0	.90	138219.25	10.32	10.34	10.05	.99	1.02
	55151		 19000   	2113720599.73	7514258474.34	9914355.52	239413954.08	236003831.69	6901823.78	38.86	0	97.00	0	0	.29	9914355.52	18.42	18.17	.47	1.01	835.68
	55175		  7360   	5477068805.87	7784015865.12	218279.50	160155344.37	160430279.00	155863676.87	0	0	97.00	0	0	.90	218279.50	10.35	10.36	10.07	.99	1.02
	55180		  2768   	5418324147.33	7947306818.00	90950.00	163066733.33	163696224.00	157648273.00	0	0	97.00	0	0	.68	90950.00	11.39	11.43	11.02	.99	1.03
stream_d0_gramschmidt_STANDARD
	55307		  7222   	5477042080.62	7782608353.87	160571.12	160167902.37	160419717.62	155962968.25	0	0	97.00	0	0	.91	160571.12	10.33	10.34	10.06	.99	1.02
	55309		 14246   	859324428.11	5020611427.11	53144832.64	166281766.76	163514307.58	3647660.58	35.94	0	97.00	0	0	.17	53144833.23	11.59	11.41	.24	1.01	8048.23
	55327		  6167   	5415134996.57	7961705944.14	92685.00	166427204.71	166732803.00	161947167.14	0	0	97.00	0	0	.68	92685.00	12.07	12.09	11.75	.99	1.02
stream_d0_syrk_STANDARD
	55398		  7810   	5478246256.37	8277604947.50	155635.75	160145171.12	160423043.25	155159043.37	0	0	97.00	0	0	.68	155635.75	10.34	10.36	10.02	.99	1.03
	55400		 29098   	9883270884.34	7556229784.62	1332951.00	154543520.02	154700528.08	31961194.94	41.37	0	97.00	0	0	1.49	1332951.00	12.34	12.35	2.10	1.00	16.77
	55418		  7795   	5478378336.25	8276836980.50	214768.50	160135424.37	160399966.25	155149327.00	0	0	97.00	0	0	.69	214768.50	10.34	10.36	10.02	.99	1.03
	55423		  7797   	5480022545.87	8272770956.37	102783.50	160146835.87	160410048.87	155145295.75	0	0	97.00	0	0	.69	102783.50	10.35	10.36	10.03	.99	1.03
	55428		  4798   	5411341477.00	8450498370.60	94131.60	165281234.80	165708526.60	159713958.20	0	0	97.00	0	0	.64	94131.60	11.05	11.07	10.68	.99	1.04
