2mm_STANDARD
29.65
29.73
29.52
29.61

3mm_STANDARD
43.96
44.06
44.03

all

blackscholes
97.49

cholesky_STANDARD
7.93
7.95
7.95
7.93
7.99
7.97
8.03
7.96
8.00
7.95
8.01
8.01

doitgen_STANDARD
19.14
18.25
17.41
18.31
17.00

durbin_STANDARD
15.61
15.42
15.43
15.97
16.10
16.14

ep.A.g
11.64
11.60
11.68
11.67
11.71
11.60
11.66
11.58

ft.A
4.58
4.86
4.48
4.95
4.60
4.73
4.59
4.51
4.68
4.36
4.71
4.39
4.86
4.39
4.81
4.42
4.76
4.53
4.77
4.56

gemm_STANDARD
37.37
37.37
37.41

gemver_STANDARD
17.40
17.42
17.27
17.22
17.26
17.36

gesummv_STANDARD
11.40
11.51
11.64
11.70
11.51
11.29
11.70
11.66

gramschmidt_STANDARD
31.32
31.22
31.34

jacLR
19.88
21.92
21.37
21.41
21.84

mvt_STANDARD
22.28
22.47
22.33
22.18
22.54

stream_d0
13.58
13.42
13.33
13.40
13.45
13.43
13.46

syr2k_STANDARD
27.56
26.98
27.49
27.54

syrk_STANDARD
34.14
34.13
34.28

trisolv_STANDARD
9.34
9.32
9.27
9.30
9.33
9.27
9.12
9.26
9.29
9.34

trmm_STANDARD
32.12
32.02
32.15

