2mm_STANDARD
25.83
25.86
25.81
25.83

3mm_STANDARD
37.93
37.97
38.26

all

blackscholes
85.68
82.93

cholesky_STANDARD
6.96
6.96
6.98
6.96
7.00
6.94
6.97
6.97
7.01
6.96
6.99
6.92
6.97

doitgen_STANDARD
15.53
16.58
15.55
15.75
16.84
17.74

durbin_STANDARD
12.76
12.81
12.77
12.89
12.85
12.72
12.69

ep.A.g
11.01
11.01
11.04
10.97
10.95
10.97
10.97
11.00
10.97

ft.A
3.41
3.41
3.45
3.47
3.43
3.54
3.33
3.36
3.42
3.34
3.33
3.43
3.43
3.39
3.47
3.38
3.42
3.44
3.39
3.43
3.42
3.37
3.49
3.49
3.40
3.36
3.39

gemm_STANDARD
32.57
32.60
32.66

gemver_STANDARD
14.85
14.87
14.89
14.75
14.87
14.79
14.95

gesummv_STANDARD
7.70
7.67
7.68
7.63
7.64
7.64
7.65
7.66
7.67
7.70
7.69
7.67

gramschmidt_STANDARD
29.12
29.00
28.89
29.29

jacLR
14.83
14.83
14.86
14.80
14.85
14.86
14.85

mvt_STANDARD
19.71
19.74
19.72
19.71
19.67

stream_d0
8.63
8.55
8.49
8.56
8.59
8.56
8.49
8.52
8.60
8.59
8.55

syr2k_STANDARD
18.45
18.38
18.39
18.41
18.45

syrk_STANDARD
19.55
19.55
19.53
19.58
19.56

trisolv_STANDARD
8.02
8.01
8.01
8.05
8.01
8.04
8.01
8.00
8.01
8.02
8.01
8.01

trmm_STANDARD
17.08
17.13
17.08
17.02
17.06
17.18

