Bench	PID		time	Instr Ret	Unh Clk Cycles	l2 trans reqs	l1lines	l2lines	Per Core bw	Power	Power2	Power3	bandwidth	 	IPC	MEM INTENSIITY	L2->L1 BW (MB)	L3->L2 BW (MB)	MM->L3 BW (MB)	L2 REUSE	L3 REUSE
2mm_STANDARD_doitgen_STANDARD
	47491		 11212   	3055996978.50	8454101189.41	10418072.66	363169622.16	360322190.16	1718707.00	0	0	97.00	0	0	.36	10418072.66	23.88	23.69	.11	1.00	208.99
	47493		 14501   	13023683650.29	7780108035.00	64881.47	1645147387.76	5331463.70	4273216.88	41.41	0	97.00	0	0	1.67	64881.47	120.86	.39	.31	312.35	1.26
	47517		  2388   	2702177660.66	7217112513.33	9175846.66	301891242.33	297560036.66	1568178.66	0	0	97.00	0	0	.37	9175846.66	24.35	24.00	.12	1.01	207.34
3mm_STANDARD_doitgen_STANDARD
	48091		 16241   	2723708065.42	7793937091.00	8989472.52	343075755.84	341482421.84	1444331.73	2.63	0	97.00	0	0	.34	8989472.52	23.90	23.79	.09	1.00	744.16
	48093		 14621   	14760133637.00	8803071279.20	80846.53	1864774894.26	6168137.93	4875258.06	48.40	0	97.00	0	0	1.67	80846.53	121.93	.40	.31	303.01	1.26
	48111		  1112   	8167543068.50	4907208967.50	45828.50	1029365029.00	3562673.00	2798434.50	2.00	0	97.00	0	0	1.63	45828.50	113.47	.41	.32	275.37	1.27
blackscholes_doitgen_STANDARD
	48948		 81685   	8588260646.22	6002976024.69	240150.58	17085583.50	26672602.00	4803545.00	2.39	0	97.00	0	0	0	240150.58	1.15	1.79	.32	.74	70.79
	48950		 14344   	14751595893.66	8790530934.73	93575.00	1862701610.86	6165418.86	4500072.73	36.93	0	97.00	0	0	1.67	93575.00	122.93	.40	.29	304.45	1.36
	48994		 14638   	14761094886.93	8828738710.00	78294.20	1864510723.93	5967083.66	4875765.80	43.60	0	97.00	0	0	1.67	78294.20	121.90	.38	.31	313.41	1.22
	49024		 14636   	14759414682.46	8829940350.00	72661.00	1864900271.53	6100864.73	4906381.33	44.00	0	97.00	0	0	1.67	72661.00	121.96	.39	.32	306.54	1.24
	49033		 14640   	14761185139.80	8833608617.80	79708.13	1864907591.66	6161535.93	4896231.53	44.06	0	97.00	0	0	1.67	79708.13	121.93	.40	.31	303.56	1.25
	49038		 14543   	14757853200.46	8823085453.46	76444.40	1864601186.66	6011454.66	4790897.20	41.46	0	65.00	0	0	1.67	76444.40	122.66	.39	.31	310.48	1.25
	49043		  6124   	13405516524.28	7996412992.14	64608.28	1693569998.14	5561702.14	3982754.42	27.57	0	65.00	0	0	1.67	64608.28	123.45	.41	.29	299.39	1.40
cholesky_STANDARD_doitgen_STANDARD
	50379		  6321   	15501370947.57	8074548463.28	8419644.42	343611184.71	454770202.28	1425611.28	0	0	97.00	0	0	1.91	8419644.42	23.41	30.99	.09	.75	336.06
	50381		 14487   	11647958856.42	6951195379.42	57583.42	1471619418.84	4762999.73	3715917.15	37.21	0	97.00	0	0	1.67	57583.42	114.45	.36	.28	330.45	1.31
	50405		  6252   	15501685802.14	8072668327.14	8428325.85	343694447.57	454357430.42	1430918.85	0	0	97.00	0	0	1.92	8428325.85	23.90	31.54	.09	.75	329.92
	50426		   264   	4181689771.00	2230862759.00	2322871.00	92586519.00	122984524.00	824635.00	0	0	97.00	0	0	1.87	2322871.00	22.44	29.81	.19	.75	149.14
durbin_STANDARD_doitgen_STANDARD
	50933		 14765   	11660557983.42	6989438163.73	74963.78	1471090169.26	4792676.73	3772181.15	3.21	0	97.00	0	0	1.66	74963.78	110.13	.35	.27	328.47	1.26
	50935		  6518   	1246389059.85	4289336745.00	11279161.42	93452581.28	74392837.14	7871831.57	39.14	0	97.00	0	0	.27	11279161.42	6.37	5.09	.51	1.25	11.60
	50953		  6408   	1246679007.42	4254874189.28	11297251.14	93463299.85	70590303.71	7858235.57	31.71	0	97.00	0	0	.27	11297251.14	6.41	4.87	.51	1.31	11.17
	50958		   556   	623515386.00	2082842169.00	5156292.00	40806296.00	28605405.00	1885130.00	0	0	97.00	0	0	.29	5156292.00	4.69	3.29	.21	1.43	15.17
ep
	51647		 10480   	6449681505.72	8659870046.45	127218.72	15615593.00	17262602.54	283454.72	0	0	97.00	0	0	.74	127218.72	1.03	1.14	.01	.90	61.51
	51649		 14454   	13020559871.94	7770304467.64	69644.94	1644706293.47	5355281.11	4069904.52	39.29	0	97.00	0	0	1.67	69644.94	119.01	.38	.29	319.18	1.30
	51667		  3339   	5703381674.75	7649163791.25	104656.00	13267895.50	14185204.50	257431.75	0	0	97.00	0	0	.74	104656.00	1.01	1.08	.01	.94	56.29
gemm_STANDARD_doitgen_STANDARD
	51038		 14519   	13831899025.93	8254717328.62	73300.18	1747592335.43	5717105.81	4554744.56	0	0	97.00	0	0	1.67	73300.18	123.60	.40	.31	307.81	1.26
	51040		 14309   	3239623184.13	8667058150.80	11371026.33	364307575.53	360470077.33	2073758.46	48.20	0	97.00	0	0	.37	11371026.33	24.11	23.86	.13	1.01	177.07
	51058		  1004   	3357809021.00	8915981224.00	10602624.00	377991571.00	370413369.00	5355715.00	34.00	0	65.00	0	0	.37	10602624.00	24.09	23.61	.34	1.02	69.16
gramschmidt_STANDARD_doitgen_STANDARD
	51172		 14339   	13020594917.94	7772804821.23	72023.58	1644558405.88	5386772.05	3911917.00	2.70	0	97.00	0	0	1.67	72023.58	118.12	.37	.27	329.32	1.34
	51174		 13058   	1121254980.15	6100718949.84	62612695.38	210964388.76	210085355.53	244062.61	45.38	0	97.00	0	0	.18	62612695.07	13.44	13.39	.01	1.00	992.92
	51197		  1227   	712234054.00	3858660299.50	38745875.00	132586011.00	131963312.00	370335.50	4.00	0	97.00	0	0	.20	38745877.00	10.68	10.63	.02	1.00	628.79
syrk_STANDARD_doitgen_STANDARD
	51290		 14674   	14761368173.06	8822490608.13	74469.93	1864092606.06	6133393.00	4931118.33	0	0	97.00	0	0	1.67	74469.93	121.51	.39	.32	304.85	1.24
	51292		 14964   	21606092528.87	8535325494.93	3833415.81	337958228.25	337943097.06	2127058.68	48.00	0	97.00	0	0	2.53	3833415.81	23.17	23.17	.13	1.00	229.29
	51310		  1003   	14900822897.00	8905513161.00	96881.00	1882522280.00	6434323.00	4438568.00	35.00	0	65.00	0	0	1.67	96881.00	120.12	.41	.28	292.58	1.45
