Bench	PID		time	Instr Ret	Unh Clk Cycles	l2 trans reqs	l1lines	l2lines	Per Core bw	Power	Power2	Power3	bandwidth	 	IPC	MEM INTENSIITY	L2->L1 BW (MB)	L3->L2 BW (MB)	MM->L3 BW (MB)	L2 REUSE	L3 REUSE
ft
	58264		 14749   	10560139062.95	6362612617.90	66259.23	1330900956.33	4397673.76	3416080.09	6.00	0	97.00	0	0	1.66	66259.23	106.29	.34	.27	305.20	1.38
	58266		  3133   	7110163375.00	5064902447.75	4078568.00	312463902.50	52750999.00	27344897.50	35.50	0	97.00	0	0	1.53	4078568.00	21.70	3.56	1.89	6.48	1.78
	58285		  3185   	7127401980.00	5124814020.25	4238050.25	312517446.00	58449185.50	27336899.50	25.25	0	97.00	0	0	1.45	4238050.25	24.47	4.41	2.08	5.47	2.08
	58295		  3176   	7113750880.75	5062745656.00	4113403.00	312434396.50	53082011.00	27376934.75	25.50	0	97.00	0	0	1.52	4113403.00	23.11	3.73	2.01	6.43	1.78
	58300		  2440   	5774538566.66	4909116867.00	2881820.00	243278934.33	44362022.00	21929764.00	21.66	0	97.00	0	0	1.25	2881820.00	25.18	4.41	2.13	5.40	2.04
gemver_STANDARD_doitgen_STANDARD
	58368		 14752   	13036602595.88	7841561607.35	74008.11	1644092000.41	5434355.47	4437887.88	2.82	0	97.00	0	0	1.66	74008.11	114.99	.37	.30	311.26	1.22
	58370		  8546   	3995036632.66	8521195419.00	36403191.11	254069866.77	188043509.22	43444221.66	46.00	0	97.00	0	0	.46	36403191.33	17.07	12.63	2.90	1.35	4.35
	58388		  5627   	3945735673.33	8493778299.66	35955291.66	249754043.33	194034150.33	42580635.50	37.33	0	97.00	0	0	.46	35955292.66	17.09	13.28	2.90	1.28	4.56
gesummv_STANDARD_doitgen_STANDARD
	58412		 14796   	13041244915.76	7867636450.82	72040.52	1644027240.94	5476406.58	4460286.70	2.70	0	97.00	0	0	1.65	72040.52	114.48	.37	.30	311.97	1.24
	58414		  7235   	4385186953.50	7861874939.87	73049.75	89443755.12	70799621.00	67398914.00	42.75	0	97.00	0	0	.55	73049.75	6.04	4.78	4.55	1.26	1.05
	58432		  6674   	4672985623.71	8380085121.28	60136.71	95247918.14	75425699.42	71804002.71	38.57	0	97.00	0	0	.55	60136.71	6.41	5.07	4.83	1.26	1.05
mvt_STANDARD_doitgen_STANDARD
	58498		 14730   	13032441110.11	7822688908.41	69927.47	1644574852.88	5368628.58	4454425.05	2.76	0	97.00	0	0	1.66	69927.47	115.26	.37	.30	317.45	1.20
	58500		 10800   	3350423390.27	8870848199.18	43019006.36	252878403.72	213953212.72	37659955.90	47.00	0	97.00	0	0	.37	43019006.54	16.47	13.94	2.45	1.18	5.69
	58524		  3633   	3121309256.25	8202391747.25	38913712.75	228706778.25	191516298.50	34205093.50	31.50	0	97.00	0	0	.38	38913713.00	16.13	13.51	2.41	1.19	5.59
syr2k_STANDARD_doitgen_STANDARD
	58547		 14793   	14762338844.33	8849303666.20	217724.06	1861400862.33	7459520.00	5107426.93	0	0	97.00	0	0	1.66	217724.06	120.55	.48	.33	249.83	1.46
	58549		 15461   	15552600867.50	7815416720.66	2602158.16	336591121.66	309146582.00	42923230.16	46.55	0	97.00	0	0	1.99	2602158.16	24.13	22.16	3.04	1.09	7.36
	58567		   322   	4369157014.00	2646380122.00	236214.00	550228906.00	3328526.00	1532682.00	0	0	97.00	0	0	1.65	236214.00	109.36	.66	.30	165.31	2.17
trisolv_STANDARD_doitgen_STANDARD
	58633		 14764   	13033533059.88	7829119402.29	181898.23	1642497748.41	6159404.70	4448686.29	2.64	0	97.00	0	0	1.66	181898.23	114.63	.43	.30	273.87	1.44
	58635		  7903   	4043041502.87	8678253736.75	51493.87	44720626.37	40655702.75	33926985.00	46.75	0	97.00	0	0	.46	51493.87	2.89	2.63	2.19	1.10	1.19
	58653		  6646   	3919950140.85	8421513765.00	31630.14	43283373.85	39345291.42	32907449.85	38.42	0	97.00	0	0	.46	31630.14	2.91	2.65	2.21	1.10	1.19
trmm_STANDARD_doitgen_STANDARD
	58676		 14605   	13022889612.76	7808005121.94	1618079.64	1640329685.64	21656159.11	4324859.05	1.47	0	97.00	0	0	1.66	1618079.64	115.96	1.53	.30	74.15	5.39
	58678		 13818   	21716837128.28	8926305681.14	6991185.21	351546965.35	429070693.50	2403666.78	51.85	0	97.00	0	0	2.43	6991185.21	22.76	27.77	.15	.81	179.44
	58696		   480   	9423109335.00	4123096519.00	3057741.00	153332547.00	188923336.00	8466103.00	0	0	97.00	0	0	2.28	3057741.00	20.44	25.18	1.12	.81	22.32
