2mm_STANDARD
24.70
24.71
24.64
24.66

3mm_STANDARD
36.30
36.51
36.49

all

blackscholes
81.38
79.62

cholesky_STANDARD
6.67
6.67
6.68
6.68
6.66
6.69
6.67
6.66
6.67
6.70
6.69
6.65
6.68
6.67

doitgen_STANDARD
15.55
14.90
15.91
16.24
15.69
15.78

durbin_STANDARD
12.00
12.14
12.08
12.12
12.05
12.08
12.11
11.97

ep.A.g
10.44
10.44
10.49
10.48
10.51
10.45
10.47
10.46
10.51

ft.A
3.35
3.41
3.46
3.52
3.33
3.34
3.30
3.35
3.36
3.35
3.33
3.33
3.36
3.32
3.41
3.28
3.36
3.31
3.40
3.30
3.35
3.31
3.30
3.31
3.34
3.33
3.33

gemm_STANDARD
31.39
31.41
31.42

gemver_STANDARD
14.48
14.10
14.18
14.04
14.13
14.19
14.06

gesummv_STANDARD
7.46
7.49
7.44
7.43
7.45
7.43
7.42
7.45
7.45
7.45
7.42
7.50
7.43

gramschmidt_STANDARD
27.54
27.60
27.69
27.82

jacLR
14.59
15.08
15.08
15.08
15.13
15.08

mvt_STANDARD
18.61
18.62
18.68
18.63
18.63

stream_d0
8.69
8.59
8.61
8.62
8.58
8.65
8.61
8.64
8.62
8.60
8.61

syr2k_STANDARD
17.52
17.52
17.56
17.61
17.55
17.52

syrk_STANDARD
17.29
17.26
17.36
17.55
17.29
17.21

trisolv_STANDARD
7.71
7.65
7.64
7.63
7.64
7.67
7.72
7.65
7.65
7.65
7.65
7.66

trmm_STANDARD
15.34
15.48
15.29
15.41
15.45
15.47

