2mm_STANDARD
24.52
24.50
24.53
24.43
3mm_STANDARD
36.09
35.84
35.95
all
blackscholes
79.97
78.26
cholesky_STANDARD
6.52
6.50
6.51
6.53
6.55
6.55
6.54
6.55
6.54
6.58
6.55
6.54
6.51
6.54
doitgen_STANDARD
14.75
14.81
14.84
14.79
14.84
15.34
14.78
durbin_STANDARD
11.81
11.72
11.79
11.71
11.69
11.72
11.76
11.68
ep.A.g
10.40
10.38
10.40
10.41
10.35
10.38
10.40
10.46
10.43
ft.A
3.12
3.17
3.23
3.20
3.18
3.14
3.13
3.26
3.21
3.16
3.17
3.13
3.12
3.11
3.17
3.36
3.23
3.18
3.14
3.10
3.27
3.10
3.14
3.11
3.17
3.16
3.16
3.17
3.18
gemm_STANDARD
31.36
31.23
31.47
gemver_STANDARD
13.94
13.96
13.79
13.95
13.92
13.91
13.84
gesummv_STANDARD
7.26
7.30
7.26
7.23
7.30
7.26
7.26
7.20
7.20
7.22
7.22
7.38
7.25
gramschmidt_STANDARD
27.36
27.31
27.36
27.31
jacLR
13.63
13.54
13.56
13.58
13.57
13.57
13.55
mvt_STANDARD
18.39
18.44
18.36
18.55
18.53
stream_d0
7.69
7.64
7.56
7.55
7.63
7.68
7.61
7.57
7.58
7.59
7.57
7.58
syr2k_STANDARD
16.95
16.87
16.93
16.86
16.86
16.86
syrk_STANDARD
15.92
15.97
15.90
15.95
15.94
15.92
trisolv_STANDARD
7.49
7.46
7.48
7.48
7.48
7.49
7.53
7.51
7.55
7.53
7.54
7.50
trmm_STANDARD
14.75
14.66
14.73
14.70
14.72
14.79
14.72
