2mm_STANDARD
25.21
25.19
25.27
25.17
3mm_STANDARD
37.04
37.04
37.02
all
blackscholes
83.02
81.76
cholesky_STANDARD
6.78
6.75
6.76
6.75
6.78
6.76
6.77
6.77
6.76
6.78
6.80
6.73
6.72
6.75
doitgen_STANDARD
15.21
15.22
15.16
15.12
15.21
15.26
durbin_STANDARD
12.37
12.39
12.34
12.39
12.35
12.52
12.39
12.38
ep.A.g
11.20
10.83
10.78
10.76
10.82
10.77
10.73
10.77
10.74
ft.A
3.22
3.24
3.21
3.26
3.21
3.21
3.24
3.23
3.25
3.20
3.22
3.19
3.27
3.23
3.27
3.23
3.23
3.24
3.23
3.20
3.24
3.22
3.21
3.21
3.22
3.22
3.21
3.26
gemm_STANDARD
32.33
32.25
32.33
gemver_STANDARD
14.29
14.32
14.29
14.34
14.35
14.36
14.37
gesummv_STANDARD
7.51
7.48
7.50
7.54
7.52
7.47
7.50
7.51
7.48
7.50
7.49
7.45
gramschmidt_STANDARD
28.58
28.13
28.52
28.53
jacLR
13.81
13.72
13.72
13.73
13.74
13.73
13.71
mvt_STANDARD
19.03
19.07
19.04
19.02
19.03
stream_d0
7.75
7.66
7.67
7.69
7.68
7.67
7.66
7.66
7.69
7.65
7.66
7.70
syr2k_STANDARD
17.78
17.93
17.82
17.97
17.80
syrk_STANDARD
16.30
16.33
16.38
16.41
16.36
16.37
trisolv_STANDARD
7.90
7.91
7.85
7.88
7.90
7.87
7.91
7.86
7.88
7.86
7.88
7.89
trmm_STANDARD
15.13
15.17
15.12
15.17
15.12
15.15
