2mm_STANDARD
25.60
25.64
25.50
25.50
3mm_STANDARD
37.63
37.44
37.46
all
blackscholes
84.01
81.14
cholesky_STANDARD
6.83
6.85
6.82
6.81
6.84
6.84
6.84
6.83
6.83
6.84
6.84
6.83
6.81
6.87
doitgen_STANDARD
17.21
16.97
15.92
16.13
15.44
15.39
durbin_STANDARD
12.42
12.57
12.53
12.43
12.44
12.55
12.42
12.58
ep.A.g
10.83
10.80
10.81
10.76
10.79
10.81
10.82
10.80
10.88
ft.A
3.32
3.37
3.32
3.33
3.27
3.33
3.38
3.25
3.25
3.45
3.29
3.28
3.31
3.27
3.34
3.28
3.29
3.29
3.37
3.33
3.34
3.27
3.32
3.29
3.33
3.29
3.34
gemm_STANDARD
33.24
32.69
32.54
gemver_STANDARD
14.46
14.47
14.45
14.51
14.46
14.39
14.51
gesummv_STANDARD
7.59
7.60
7.65
7.63
7.58
7.61
7.63
7.58
7.68
7.61
7.67
7.67
gramschmidt_STANDARD
28.30
28.46
28.44
28.84
jacLR
13.91
13.76
13.79
13.84
13.85
13.80
13.72
mvt_STANDARD
19.26
19.26
19.19
19.24
19.31
stream_d0
7.90
7.69
7.69
7.71
7.66
7.66
7.69
7.73
7.84
7.70
7.71
7.73
syr2k_STANDARD
17.63
17.63
17.65
17.60
17.66
17.65
syrk_STANDARD
17.53
17.67
17.57
17.59
17.66
17.72
trisolv_STANDARD
7.90
7.88
7.90
7.89
7.88
7.89
7.87
7.93
7.87
7.96
7.93
7.90
trmm_STANDARD
15.53
15.62
15.67
15.59
15.65
15.69
