Bench	PID		time	Instr Ret	Unh Clk Cycles	l2 trans reqs	l1lines	l2lines	Per Core bw	Power	Power2	Power3	bandwidth	 	IPC	MEM INTENSIITY	L2->L1 BW (MB)	L3->L2 BW (MB)	MM->L3 BW (MB)	L2 REUSE	L3 REUSE
2mm_STANDARD
	29223		 10030   	3402402379.60	9326761909.70	10921846.60	404006522.00	397913513.80	2599394.00	33.40	0	97.00	0	0	.36	10921846.60	25.77	25.39	.16	1.01	158.84
3mm_STANDARD
	29254		 15045   	3281926974.40	9357712251.13	11151296.40	413120099.93	410413813.26	602132.93	32.80	0	97.00	0	0	.35	11151296.40	26.36	26.18	.03	1.00	1256.18
blackscholes
	29295		 79283   	9998811247.12	6969323623.81	210466.98	20003287.26	31102900.86	5587174.59	28.43	0	97.00	0	0	0	210466.98	1.27	1.98	.35	.73	928.09
cholesky_STANDARD
	29343		  6018   	17934851086.33	9291962290.66	9790127.83	397492128.50	524817992.00	125051.33	34.00	0	97.00	0	0	1.93	9790127.83	25.36	33.48	0	.76	11848.78
doitgen_STANDARD
	29374		 14041   	15416596546.28	9190817185.07	80638.00	1948107537.78	6342597.64	4386036.14	35.21	0	97.00	0	0	1.67	80638.00	124.31	.40	.27	307.16	1.44
durbin_STANDARD
	29405		  6020   	1445156661.00	4914744592.66	13106617.66	107914281.33	81255125.66	8992286.66	24.66	0	97.00	0	0	.29	13106617.66	6.88	5.18	.57	1.33	9.33
ep
	29436		 10030   	7000630149.30	9375520236.00	124838.00	16680907.40	17957264.50	3251.70	29.90	0	97.00	0	0	.74	124838.00	1.06	1.14	0	.93	
ft
	29467		  2006   	5609451988.50	5714593924.50	2147448.50	222723026.00	42718150.50	21296851.50	26.00	0	97.00	0	0	.97	2147448.50	14.21	2.72	1.35	5.17	2.00
gemm_STANDARD
	29499		 13041   	3480383453.23	9253485101.46	12211598.84	390493815.61	385581499.00	223895.69	34.23	0	97.00	0	0	.37	12211598.84	24.91	24.59	.01	1.01	3130.03
gemver_STANDARD
	29530		  8025   	4405121624.37	9283270532.37	39789988.75	279881681.00	196535731.12	47877185.87	31.75	0	97.00	0	0	.47	39789988.50	17.85	12.53	3.05	1.42	4.10
gesummv_STANDARD
	29561		  6018   	5007256954.33	8958974593.50	67232.00	102186338.00	80815666.16	77013130.83	30.83	0	97.00	0	0	.55	67232.00	6.52	5.15	4.91	1.26	1.05
gramschmidt_STANDARD
	29592		 12041   	1158420735.75	6325280192.25	65092667.16	220167010.83	219145665.91	52164.83	28.91	0	97.00	0	0	.18	65092667.00	14.04	13.97	0	1.00	
jacLR
	29623		 12039   	5467657475.66	9333015119.58	6329351.41	248404008.66	165338729.75	161386124.83	34.75	0	97.00	0	0	.58	6329351.41	15.84	10.54	10.29	1.50	1.02
mvt_STANDARD
	29654		 10032   	3527389944.30	9241143409.20	45423904.30	266051641.30	222049056.50	39576943.10	31.50	0	97.00	0	0	.38	45423904.00	16.97	14.16	2.52	1.19	5.61
stream_d0
	29685		  6017   	6532691844.83	8939699561.00	212902.00	201221658.66	201569636.66	196163773.50	36.33	0	97.00	0	0	.73	212902.00	12.84	12.86	12.51	.99	1.02
syr2k_STANDARD
	29721		 15043   	18603313621.33	9331204165.66	2868536.26	397824474.13	369421593.80	43328655.00	38.40	0	97.00	0	0	1.99	2868536.26	25.38	23.57	2.76	1.08	8.52
syrk_STANDARD
	29752		 14044   	23396764421.07	9211364078.28	4009166.28	366011276.57	366034109.42	1744172.07	35.85	0	97.00	0	0	2.53	4009166.28	23.35	23.35	.11	1.00	211.94
trisolv_STANDARD
	29794		  7022   	4224947536.85	9065490825.71	40390.00	46703932.85	42476198.57	35471553.42	30.28	0	97.00	0	0	.46	40390.00	2.97	2.71	2.26	1.10	1.19
trmm_STANDARD
	29825		 14042   	21420721229.14	9295393038.78	6488091.14	346988040.28	417929968.57	23354556.42	37.00	0	97.00	0	0	2.30	6488091.14	22.14	26.66	1.49	.82	17.90
