Bench	PID		time	Instr Ret	Unh Clk Cycles	l2 trans reqs	l1lines	l2lines	Per Core bw	Power	Power2	Power3	bandwidth	 	IPC	MEM INTENSIITY	L2->L1 BW (MB)	L3->L2 BW (MB)	MM->L3 BW (MB)	L2 REUSE	L3 REUSE
gemver_STANDARD_ft
	52878		  8921   	2785300254.00	6183747587.46	25803539.53	175850220.38	129699448.46	30215661.15	4.84	0	97.00	0	0	.41	25803539.61	14.30	10.58	2.41	1.33	6.04
	52880		  3482   	7118323853.00	5599531734.75	3860167.25	312494554.00	53295000.00	30525381.75	36.00	0	97.00	0	0	1.27	3860167.25	23.73	3.99	2.29	5.73	1.75
	52899		  3381   	7129896302.00	5543061995.00	4151750.75	312480159.25	55549659.75	28259582.75	25.75	0	97.00	0	0	1.27	4151750.75	25.58	4.47	2.28	5.49	1.94
	52904		   650   	1004944971.00	3290504751.00	290327.00	19735389.00	11601705.00	8361015.00	0	0	97.00	0	0	.30	290327.00	1.94	1.14	.82	1.70	1.39
gemver_STANDARD_gesummv_STANDARD
	52928		  9086   	3275001089.54	7476963139.90	31125345.90	207817807.54	156659443.81	35766421.36	3.72	0	97.00	0	0	.42	31125345.90	14.93	11.26	2.55	1.31	4.92
	52930		  7699   	4485607860.75	8359980169.25	79422.50	89534563.00	70894216.25	67602381.00	41.75	0	97.00	0	0	.53	79422.50	5.93	4.69	4.47	1.26	1.05
	52948		   978   	3760985380.00	7073744106.00	135537.00	74635334.00	59094210.00	56325731.00	0	0	97.00	0	0	.53	135537.00	4.88	3.86	3.68	1.26	1.05
gemver_STANDARD_mvt_STANDARD
	53014		  8981   	3997045548.22	8915778443.11	38355531.66	254055827.66	205641219.00	43628053.33	0	0	97.00	0	0	.44	38355531.55	16.28	13.18	2.79	1.23	4.71
	53016		 10988   	2836058076.69	7672233581.00	38468348.53	213976475.46	176612880.69	31968182.92	36.84	0	97.00	0	0	.37	38468348.69	15.06	12.44	2.31	1.19	5.17
	53034		  1850   	3700514269.50	8269848124.50	34672635.00	228386569.00	183766938.00	38894078.00	0	0	97.00	0	0	.44	34672634.00	15.91	12.80	2.70	1.24	4.72
gemver_STANDARD_trisolv_STANDARD
	53111		  8727   	3272558740.45	7184759491.63	30386757.63	207794927.54	151521146.00	35690914.45	2.09	0	97.00	0	0	.43	30386757.45	15.31	11.17	2.61	1.36	4.66
	53113		  8026   	4046013757.87	8761765788.87	57098.50	44767218.25	40848426.87	33805724.87	42.62	0	97.00	0	0	.46	57098.50	2.85	2.60	2.15	1.09	1.20
	53131		   582   	1816593302.00	3976444290.00	78587.00	20071182.00	18279424.00	15213808.00	0	0	97.00	0	0	.45	78587.00	2.20	2.01	1.67	1.10	1.20
gemver_STANDARD_trmm_STANDARD
	53154		  8738   	3995954356.22	8686123231.11	38977538.44	254072147.11	194313211.33	43554945.55	0	0	97.00	0	0	.46	38977539.33	16.72	12.79	2.86	1.30	4.47
	53156		 14963   	17881323207.88	7984242761.47	5987619.23	289550397.76	350518250.76	9900230.88	42.52	0	97.00	0	0	2.26	5987619.23	20.34	24.59	.65	.83	96.19
	53174		  5832   	4003516167.16	8800679228.50	38709298.16	251710881.16	201401993.66	43299312.50	0	0	97.00	0	0	.45	38709298.00	16.58	13.27	2.85	1.25	4.65
gesummv_STANDARD_ft
	53240		  7603   	3261393746.18	6077142901.63	55008.36	64937567.45	51436957.63	49103650.81	3.45	0	97.00	0	0	0	55008.36	4.95	3.92	3.74	1.05	.85
	53242		  3493   	7164641815.25	5762086500.75	4280564.50	312547841.50	64708813.75	28012980.50	35.75	0	97.00	0	0	1.22	4280564.50	24.27	4.97	2.12	4.71	2.29
	53260		  3478   	7122207541.25	5881796278.25	3790512.00	312513186.00	53577665.75	31034268.00	26.75	0	97.00	0	0	1.17	3790512.00	25.39	4.29	2.47	5.60	1.74
	53265		  1003   	4560269798.50	7110781817.50	604685.00	131269765.50	53003100.00	43436922.50	13.00	0	81.00	0	0	.67	604685.00	8.37	3.38	2.77	3.22	1.50
gesummv_STANDARD_mvt_STANDARD
	53342		  7460   	4420888416.12	8055231897.50	75087.50	89440640.00	70799031.37	67619487.62	0	0	97.00	0	0	.54	75087.50	6.03	4.77	4.55	1.26	1.05
	53344		 11197   	2633351534.00	7266708402.28	35430477.57	198608189.78	172767994.42	29710233.57	34.00	0	97.00	0	0	.34	35430477.71	16.15	14.14	2.19	1.14	7.30
	53363		  3059   	3546273226.50	6462926741.50	67436.50	71730830.25	56763067.00	54203842.00	0	0	97.00	0	0	.51	67436.50	5.32	4.35	4.14	1.20	1.05
gesummv_STANDARD_trisolv_STANDARD
	53432		  7399   	4411836448.25	8028132621.25	64777.50	89546105.12	70800786.50	67539830.37	0	0	97.00	0	0	.55	64777.50	6.09	4.81	4.59	1.26	1.05
	53434		  7965   	3595190130.11	7874396150.66	43744.22	39976420.33	36516994.22	30079312.44	36.55	0	97.00	0	0	.45	43744.22	2.91	2.66	2.19	1.09	1.21
	53457		  1003   	4346716033.00	7712402878.00	155270.00	89415054.00	70148135.00	66885887.00	30.00	0	65.00	0	0	.56	155270.00	5.70	4.47	4.26	1.27	1.05
gesummv_STANDARD_trmm_STANDARD
	53480		  7295   	4393843897.12	7911500895.00	72579.12	89582193.50	70863576.12	67391041.00	0	0	97.00	0	0	.55	72579.12	6.12	4.83	4.59	1.26	1.05
	53482		 14889   	17882202493.41	7944830305.11	5803216.82	289554575.64	349363032.58	15018636.88	41.76	0	97.00	0	0	2.26	5803216.82	20.39	24.52	1.01	.83	164.60
	53500		  6781   	4732799293.57	8511114843.28	69878.14	96520541.00	76254138.85	72645052.14	0	0	97.00	0	0	.55	69878.14	6.38	5.04	4.80	1.26	1.05
mvt_STANDARD_ft
	54467		 10816   	2464416779.00	6517857319.53	32074836.53	185420526.13	138574398.06	27751737.93	5.06	0	97.00	0	0	.35	32074836.00	14.59	10.91	2.17	1.33	5.90
	54469		  3331   	7113705066.00	5410675874.75	3907395.50	312470512.00	52558665.25	29907485.50	34.75	0	97.00	0	0	1.35	3907395.50	24.84	4.01	2.27	5.96	1.78
	54492		  3350   	7115513491.25	5461485833.25	3869279.25	312468452.50	53306023.50	30532486.25	25.75	0	97.00	0	0	1.29	3869279.25	25.52	4.29	2.48	5.73	1.75
	54497		  2586   	5816426444.00	5302981877.00	2847013.00	244181615.66	48355811.66	24348339.00	22.33	0	97.00	0	0	1.10	2847013.00	21.81	4.25	2.14	4.94	2.01
mvt_STANDARD_trisolv_STANDARD
	54621		 11223   	2676794258.28	7138175769.21	34625956.00	198586379.42	172724809.28	29681529.78	2.85	0	97.00	0	0	.35	34625956.00	15.69	13.71	2.18	1.14	6.77
	54623		  8007   	4043968276.25	8742128483.87	57686.75	44868207.00	40938425.50	33852169.00	42.50	0	97.00	0	0	.46	57686.75	2.86	2.61	2.16	1.09	1.20
	54641		  3082   	3068368155.00	6633093872.25	27893.25	34023706.25	31068819.50	25706009.75	22.00	0	97.00	0	0	.46	27893.25	2.91	2.65	2.18	1.09	1.21
mvt_STANDARD_trmm_STANDARD
	54664		 10923   	3351037013.90	8954795473.45	45924117.72	252879225.63	220062908.54	37718225.72	0	0	97.00	0	0	.37	45924117.09	16.29	14.18	2.42	1.14	5.84
	54666		 14377   	17881705437.35	7666480804.47	5941773.17	289522593.47	351314661.17	7955386.41	40.82	0	97.00	0	0	2.34	5941773.17	21.09	25.46	.53	.83	227.96
	54684		  3281   	2778508846.50	7399178458.25	36768325.75	203442969.50	177638353.25	30611238.00	0	0	97.00	0	0	.37	36768325.50	15.61	13.61	2.41	1.15	5.64
trisolv_STANDARD_ft
	55844		  8382   	2492984864.53	5422950363.23	42427.53	27594309.00	25143673.92	20849085.15	3.38	0	97.00	0	0	.45	42427.53	2.34	2.13	1.75	.94	1.02
	55846		  3280   	7111690575.75	5319605839.25	4146591.25	312416785.75	54035857.00	27782528.25	33.00	0	97.00	0	0	1.40	4146591.25	25.30	4.14	2.09	5.94	1.97
	55865		  3398   	7166427368.50	5612215790.00	3971223.25	312729412.25	65206505.00	30574801.00	23.75	0	97.00	0	0	1.26	3971223.25	25.02	5.18	2.43	4.66	2.13
	55870		   162   	137255390.00	1343496945.00	15983.00	16782827.00	8663417.00	8003396.00	0	0	97.00	0	0	.10	15983.00	6.63	3.42	3.16	1.94	1.08
trisolv_STANDARD_trmm_STANDARD
	55937		  7935   	4044428302.50	8711918097.25	50512.37	44868298.62	40949660.50	33861511.50	0	0	97.00	0	0	.46	50512.37	2.89	2.64	2.18	1.09	1.20
	55939		 14227   	17879916196.11	7586856460.00	5856602.88	289550691.23	351616847.88	6919338.76	39.11	0	97.00	0	0	2.36	5856602.88	21.28	25.75	.48	.82	81.12
	55957		  6133   	3596117155.00	7748835809.85	41242.85	39818787.71	36291839.14	30105074.14	0	0	97.00	0	0	.46	41242.85	2.98	2.71	2.23	1.10	1.21
trmm_STANDARD_ft
	56029		 14747   	14471294087.28	6424400160.04	4674203.76	234276031.33	284104170.95	6448815.76	6.04	0	97.00	0	0	2.29	4674203.76	18.69	22.64	.51	.83	145.45
	56031		  3183   	7118150994.75	5215526084.25	4232770.25	312394860.75	56505312.00	28359460.25	36.50	0	97.00	0	0	1.45	4232770.25	25.47	4.37	2.20	5.74	1.96
	56049		  3225   	7137824596.50	5274851036.75	4229285.25	312440077.25	58829544.25	28272754.75	26.50	0	97.00	0	0	1.42	4229285.25	26.53	4.74	2.20	5.39	2.13
	56054		  3253   	7128337549.50	5277116100.00	4028743.75	312463332.50	55513619.00	29386337.25	26.75	0	97.00	0	0	1.42	4028743.75	25.60	4.31	2.22	5.77	1.94
	56065		  2480   	5632811477.66	5063941319.66	3013704.66	236002798.66	52793752.66	22802655.00	22.66	0	97.00	0	0	1.16	3013704.66	23.44	5.08	2.13	4.38	2.33
