Bench	PID		time	Instr Ret	Unh Clk Cycles	l2 trans reqs	l1lines	l2lines	Per Core bw	Power	Power2	Power3	bandwidth	 	IPC	MEM INTENSIITY	L2->L1 BW (MB)	L3->L2 BW (MB)	MM->L3 BW (MB)	L2 REUSE	L3 REUSE
ft
	47583		 11567   	2163042107.35	6258530649.88	7736143.23	256998656.41	253639064.76	3261060.70	4.76	0	97.00	0	0	.34	7736143.23	21.84	21.57	.25	1.01	1704.92
	47585		  3209   	7121787132.25	5143863902.75	4251255.75	312687688.50	56704981.00	27385635.75	35.00	0	97.00	0	0	1.48	4251255.75	22.98	4.00	2.00	5.88	1.93
	47603		  3279   	7120766547.50	5290981557.00	3925861.25	312515541.75	53309053.00	30444588.00	26.00	0	97.00	0	0	1.41	3925861.25	25.16	4.06	2.29	6.04	1.80
	47608		  3205   	7116589234.75	5225181649.00	4088745.50	312459834.00	53573816.75	29124380.25	24.75	0	97.00	0	0	1.44	4088745.50	26.26	4.20	2.26	6.07	1.87
	47613		  1004   	4414663895.00	5405400700.00	1002672.00	169368526.00	34584973.00	17100892.00	26.00	0	65.00	0	0	.81	1002672.00	10.79	2.20	1.09	4.90	2.02
ft
	48183		 17046   	2076812617.68	6223327151.28	7244379.04	261188788.84	259606280.00	3163318.64	5.88	0	97.00	0	0	.33	7244379.04	20.97	20.85	.25	1.00	2040.58
	48185		  3175   	7124318174.00	5145726508.00	4333285.50	312607740.50	56730043.25	27117784.25	34.50	0	97.00	0	0	1.48	4333285.50	23.69	4.08	2.04	5.93	1.94
	48204		  3193   	7116237446.00	5144481142.75	4299111.00	312462581.50	54916231.25	27124121.00	25.00	0	97.00	0	0	1.46	4299111.00	24.99	4.14	2.09	5.97	1.95
	48209		  3210   	7124813866.50	5236146022.25	4124131.50	312485020.00	55649560.25	28741509.50	25.25	0	97.00	0	0	1.43	4124131.50	26.94	4.50	2.27	5.75	1.97
	48214		  3216   	7118355345.25	5273383193.50	3877785.25	312559487.00	52730967.50	30820080.75	25.25	0	97.00	0	0	1.42	3877785.25	27.07	4.24	2.44	6.12	1.76
	48219		   707   	1073872229.00	3390318131.00	343387.00	20181972.00	12039415.00	8009247.00	0	0	97.00	0	0	.31	343387.00	1.82	1.08	.72	1.68	1.50
ft
	49354		 82380   	6481563114.54	4572579208.07	139781.03	12900974.04	20119187.06	3650968.13	5.94	0	97.00	0	0	0	139781.03	1.01	1.58	.29	.78	93.44
	49356		  3090   	7142580227.25	5129955939.25	4213416.75	312626862.50	62212834.75	26862487.25	24.50	0	97.00	0	0	0	4213416.75	19.94	3.96	1.71	3.90	1.98
	49372		  3003   	9489484915.66	6647842772.66	5365576.33	416816929.33	71715311.33	35762667.00	23.00	0	97.00	0	0	1.33	5365576.33	26.69	4.59	2.29	5.63	1.99
	49377		  3020   	9498270066.66	6584011210.66	5373588.66	416799062.66	72321921.33	35818280.66	23.00	0	97.00	0	0	1.33	5373588.66	26.41	4.58	2.27	5.60	2.04
	49382		  2976   	9495787896.66	6608900173.66	5370198.33	416810228.66	71855484.33	35792497.00	22.66	0	97.00	0	0	1.34	5370198.33	27.16	4.67	2.33	5.61	2.01
	49387		  3076   	7178397298.75	5152001516.25	4157857.50	312623834.00	66600645.00	26825675.50	17.50	0	97.00	0	0	1.17	4157857.50	20.21	4.34	1.73	4.18	2.83
	49392		  3169   	7114877992.75	5154085284.50	3903891.00	312457140.25	52527333.75	28502835.75	22.25	0	97.00	0	0	1.47	3903891.00	25.70	4.05	2.23	6.20	1.80
	49400		  3220   	7125861023.50	5268578195.75	3863206.50	312531966.50	55265978.75	30281373.75	24.50	0	97.00	0	0	1.42	3863206.50	26.37	4.39	2.35	5.79	1.90
	49405		  3225   	7114546467.00	5220341562.50	3814696.50	312464314.00	53360206.50	30405567.50	24.25	0	97.00	0	0	1.46	3814696.50	25.32	4.08	2.28	6.09	1.82
	49410		  3226   	7116155504.75	5226761760.75	3796945.25	312511584.50	52802144.00	30441008.00	24.75	0	97.00	0	0	1.45	3796945.25	25.63	4.07	2.30	6.13	1.80
	49415		  3210   	7116189603.00	5230390964.75	3785414.25	312489147.00	52805252.00	30443464.50	24.50	0	97.00	0	0	1.45	3785414.25	26.25	4.14	2.35	6.15	1.79
	49420		  3245   	7135587628.75	5277550516.00	3902302.50	312499459.75	57346399.50	30172432.50	24.75	0	97.00	0	0	1.42	3902302.50	25.76	4.49	2.30	5.56	1.98
	49436		  3209   	7114861912.00	5192112069.00	3852101.00	312473176.75	52800442.75	29960145.00	24.25	0	97.00	0	0	1.46	3852101.00	25.98	4.10	2.30	6.15	1.81
	49441		  3148   	7132319638.25	5144578569.25	3847495.75	312519621.75	55455534.25	30290365.50	23.50	0	97.00	0	0	1.47	3847495.75	25.05	4.22	2.35	5.91	1.81
	49446		  3234   	7127378879.00	5286694987.00	3850672.00	312501521.50	57622379.50	30692250.00	24.50	0	97.00	0	0	1.41	3850672.00	26.38	4.60	2.38	5.53	1.96
	49451		  3218   	7115961256.25	5235449523.50	3768093.00	312480952.75	53099144.75	30592157.75	24.25	0	97.00	0	0	1.44	3768093.00	26.09	4.15	2.35	6.11	1.80
	49456		  3210   	7122908273.00	5232436168.75	3864248.00	312499883.75	53329131.50	30141684.50	24.25	0	97.00	0	0	1.44	3864248.00	26.50	4.23	2.34	6.05	1.82
	49461		  3234   	7119469686.50	5224132508.75	3787779.25	312494458.25	52894161.75	30680582.75	24.50	0	97.00	0	0	1.45	3787779.25	25.26	4.03	2.29	6.15	1.80
	49466		  3225   	7116881334.75	5223721149.25	3760752.75	312521513.50	52789460.50	30721466.75	24.75	0	97.00	0	0	1.45	3760752.75	25.73	4.08	2.33	6.16	1.78
	49471		  3151   	7107885806.50	5185187079.25	3841546.75	312250799.25	52984439.75	30080740.00	20.00	0	97.00	0	0	1.47	3841546.75	26.42	4.16	2.39	6.21	1.75
	49476		  3345   	7106987433.00	4827519659.25	4001740.00	312275700.25	53854443.25	26763995.50	19.50	0	97.00	0	0	1.40	4001740.00	24.91	4.28	2.12	5.41	1.98
	49481		  3714   	7117532177.75	4954676678.75	4038379.25	312507312.75	54049701.75	26823909.75	17.25	0	97.00	0	0	1.00	4038379.25	19.93	3.44	1.71	4.36	2.00
	49486		  2024   	4425056897.00	5328897686.00	1319593.00	167547928.00	47964010.00	15638864.00	26.00	0	65.00	0	0	.83	1319593.00	10.59	3.03	.98	3.49	3.07
ft
	50493		  6343   	12071717776.88	6427256360.66	6577421.00	268001723.55	354890899.00	1696833.33	4.55	0	97.00	0	0	1.88	6577421.00	21.92	28.97	.14	.74	18070.66
	50495		  3165   	7127321906.75	5160948392.25	4485917.50	312477921.00	55912555.00	28210120.50	35.00	0	97.00	0	0	1.46	4485917.50	24.18	4.12	2.15	5.89	1.88
	50513		  2250   	4590851006.33	4339736446.33	2179551.33	188284056.66	34018566.33	17996998.66	17.33	0	97.00	0	0	1.23	2179551.33	24.51	4.05	2.05	5.64	1.94
ft
	51419		  6475   	982405810.77	3397833955.88	9136939.66	72651137.33	56243300.55	6282611.00	3.55	0	97.00	0	0	.25	9136939.66	5.86	4.60	.44	1.30	68.75
	51421		  3113   	7114727057.75	5258421275.25	3887206.25	312440574.75	52441570.25	29184888.75	27.75	0	97.00	0	0	1.50	3887206.25	21.14	3.47	1.96	6.58	1.68
	51439		  2387   	5270842389.66	4870244234.33	2649514.33	220292935.33	44411653.00	22442584.66	16.33	0	97.00	0	0	1.18	2649514.33	24.01	4.69	2.32	4.93	2.01
ft
	51733		 10338   	4726029599.46	6361525866.53	76971.06	10727006.86	11342117.93	2110335.93	4.93	0	97.00	0	0	.69	76971.06	.87	.92	.18	.95	16376.80
	51735		  3170   	7121563184.00	5141374783.50	4040739.25	312636641.50	54026277.00	28291058.25	32.00	0	97.00	0	0	1.49	4040739.25	23.83	3.89	2.13	6.27	1.78
	51754		  3130   	7125877277.00	5027355899.25	4001175.00	312491809.75	52855270.25	28416040.75	22.25	0	97.00	0	0	1.54	4001175.00	21.54	3.54	1.94	6.56	1.73
	51759		  2138   	3992359249.66	4043100402.33	1417369.66	159259509.33	32393188.00	14986349.00	14.66	0	97.00	0	0	1.29	1417369.66	24.68	4.25	1.61	5.28	2.49
ft
	52461		 14813   	2322274409.47	6477719822.66	8951987.38	260342464.71	257530637.38	3364441.80	5.80	0	97.00	0	0	.36	8951987.38	20.53	20.31	.27	1.01	1259.07
	52463		  3190   	7117208618.25	5167186234.50	4185134.50	312494133.75	52998387.00	28566798.50	35.00	0	97.00	0	0	1.47	4185134.50	23.85	3.84	2.13	6.28	1.77
	52481		  3144   	7123110571.50	5109012618.25	4213737.75	312466851.25	53492010.00	27824242.25	24.50	0	97.00	0	0	1.52	4213737.75	24.43	3.90	2.15	6.44	1.78
	52486		  3283   	7160032436.50	5334970917.75	4196458.00	312574693.00	61460475.50	28589801.00	25.75	0	97.00	0	0	1.40	4196458.00	24.95	4.72	2.13	5.16	2.22
	52491		  2492   	6224313160.33	5122769135.66	3098580.33	263800121.33	48171555.66	24466674.66	21.66	0	97.00	0	0	1.26	3098580.33	25.45	4.51	2.26	5.38	1.98
ft
	53523		 12965   	767225922.21	4209720990.00	43333104.21	144806789.57	143934183.94	852073.84	4.89	0	97.00	0	0	.17	43333105.00	11.71	11.64	.05	1.00	3056.43
	53525		  3070   	7118897796.25	5137519751.75	4227824.00	312648721.50	53401253.25	28300119.50	30.25	0	97.00	0	0	0	4227824.00	19.94	3.40	1.80	4.46	1.70
	53544		  3095   	7128563892.00	5071805526.50	4077790.75	312616595.50	52984358.00	28322865.25	21.75	0	97.00	0	0	0	4077790.75	19.96	3.38	1.80	4.51	1.80
	53549		  3085   	7124692171.75	5049156320.75	4168798.00	312780871.25	53488664.75	27417124.00	21.50	0	97.00	0	0	.98	4168798.00	19.95	3.41	1.74	4.32	8.21
	53554		   734   	555199154.50	1717760083.00	84657.00	10211272.00	6141926.50	3947983.00	0	0	97.00	0	0	.19	84657.00	.90	.54	.35	1.02	68.78
ft
	55605		 16254   	15029385602.30	6450739121.65	2578507.00	235001880.00	235046064.91	8505361.60	5.56	0	97.00	0	0	2.36	2578507.00	19.04	19.04	.68	1.00	82.41
	55607		  3228   	7120020227.75	5231639868.25	4148308.50	312398197.50	55896404.25	28700879.25	37.00	0	97.00	0	0	1.45	4148308.50	24.57	4.19	2.14	5.80	1.95
	55626		  3238   	7117807004.75	5206194959.50	4087721.00	312458539.50	53208892.50	28776407.50	26.75	0	97.00	0	0	1.45	4087721.00	25.22	4.05	2.17	6.08	1.86
	55631		  3226   	7122041624.50	5235102875.00	4069185.25	312447860.25	52958086.75	28626813.25	26.50	0	97.00	0	0	1.44	4069185.25	25.51	4.07	2.18	6.11	1.85
	55636		  3220   	7118340779.25	5204290225.50	4075304.25	312461873.75	53137287.50	28473895.25	26.25	0	97.00	0	0	1.45	4075304.25	25.72	4.11	2.18	6.08	1.86
	55641		  1004   	4433005325.00	5579518111.00	1199474.00	171683916.00	35774999.00	17601034.00	26.00	0	65.00	0	0	.79	1199474.00	10.94	2.28	1.12	4.80	2.03
gemver_STANDARD_2mm_STANDARD
	47681		 11992   	2623574480.50	7760499878.14	9980034.14	312489158.42	309233456.78	8864920.57	3.28	0	97.00	0	0	.33	9980034.14	22.04	21.82	.58	1.00	273.13
	47683		  8744   	3998746151.88	8698194405.11	39602733.44	254073149.66	203789126.00	43566247.77	45.22	0	97.00	0	0	.46	39602733.33	16.71	13.40	2.86	1.24	4.68
	47702		  2858   	3965205505.00	8576791980.66	37699641.33	244233801.00	187572999.66	42063938.66	28.66	0	97.00	0	0	.46	37699641.33	16.44	12.63	2.83	1.30	4.45
gemver_STANDARD_3mm_STANDARD
	48304		 17616   	2586034378.60	7970950815.45	8933770.50	327283403.05	324674532.95	9293465.75	2.30	0	97.00	0	0	.32	8933770.50	22.71	22.53	.62	1.00	279.27
	48306		  8578   	3999599264.00	8546800085.88	39317749.77	254184071.88	185328018.00	43561918.00	44.33	0	97.00	0	0	.46	39317749.77	16.99	12.39	2.90	1.37	4.26
	48329		  8505   	3965927521.55	8568581013.44	38734548.11	249872469.88	202097538.22	43081603.66	38.88	0	97.00	0	0	.46	38734548.00	16.90	13.67	2.92	1.23	4.67
gemver_STANDARD_blackscholes
	49612		 83442   	7902439398.47	5600712322.87	184361.52	15732766.45	24562276.35	4456955.62	3.58	0	97.00	0	0	0	184361.52	1.12	1.75	.32	.73	41.65
	49614		  8523   	3993756212.77	8621822932.00	36711037.22	254011242.88	204068885.66	43409656.88	32.77	0	97.00	0	0	.46	36711037.33	17.14	13.78	2.91	1.24	4.74
	49634		  8586   	3999635297.33	8640955651.55	36700894.44	254139251.55	204017802.33	43443073.00	29.11	0	97.00	0	0	.46	36700894.22	16.97	13.62	2.89	1.24	4.70
	49639		  8554   	4009845178.44	8547233800.55	37104910.44	254171976.88	191378722.11	43545636.88	37.55	0	97.00	0	0	.46	37104911.11	17.07	12.85	2.91	1.32	4.40
	49647		  8617   	4010124517.77	8616255582.66	36966262.33	254082368.11	189336236.00	43510587.00	37.77	0	97.00	0	0	.46	36966262.00	16.91	12.59	2.90	1.34	4.34
	49652		  8519   	4011007883.88	8520675476.22	37025796.22	254183616.88	186928081.88	43545219.88	37.44	0	65.00	0	0	.47	37025796.00	17.18	12.63	2.93	1.36	4.30
	49657		  8656   	4006167632.77	8635763987.88	37472320.55	254047885.88	204753228.77	43534708.22	38.11	0	65.00	0	0	.46	37472320.00	16.83	13.57	2.88	1.24	4.70
	49662		  8661   	4012270107.77	8682778136.44	37251313.66	254038260.11	201605562.66	43545568.44	38.11	0	65.00	0	0	.46	37251313.33	16.90	13.42	2.88	1.25	4.64
	49667		  8616   	4009725186.66	8614220205.88	37213897.55	254135539.66	204358022.44	43545487.22	37.77	0	65.00	0	0	.46	37213898.00	16.90	13.59	2.90	1.24	4.68
	49672		  9884   	4047478990.88	8620433917.33	36184693.66	253821419.77	184856835.88	43419433.33	30.55	0	97.00	0	0	.46	36184693.66	15.85	11.54	2.71	1.37	4.25
	49683		   669   	2806256437.00	5980017119.00	21089225.00	151775512.00	108742607.00	26471583.00	0	0	49.00	0	0	.46	21089224.00	14.51	10.40	2.53	1.40	4.11
gemver_STANDARD_cholesky_STANDARD
	50591		  6488   	15514025190.42	8271498575.28	8778967.00	345480957.57	457993326.14	3125585.14	0	0	97.00	0	0	1.87	8778967.00	23.48	31.11	.21	.75	147.64
	50593		  8507   	3271627246.63	7035410323.63	32210992.90	207818483.00	169652852.09	35546393.36	35.18	0	97.00	0	0	.44	32210993.27	16.52	13.54	2.73	1.21	5.68
	50611		  1386   	11599353959.00	6208241262.50	6547506.00	258266557.00	343361654.50	2594212.00	0	0	97.00	0	0	1.87	6547506.00	24.01	31.88	.23	.75	137.15
gemver_STANDARD_durbin_STANDARD
	52835		  8699   	3298842693.00	7211479107.18	30385856.81	207662981.72	162623415.45	35540446.81	3.45	0	97.00	0	0	.45	30385856.81	15.19	11.89	2.60	1.17	4.14
	52837		  6574   	1262503387.00	4344552140.71	12282798.14	93464212.00	70247088.28	8190968.42	35.85	0	97.00	0	0	.28	12282798.14	6.32	4.76	.53	1.33	10.22
	52855		  1583   	1081515043.00	3583289368.50	9261850.50	71185595.00	52740642.00	6494707.50	10.00	0	97.00	0	0	.29	9261850.50	5.91	4.42	.54	1.34	8.10
gemver_STANDARD_ep
	51826		 10554   	5458845406.30	7383720398.92	83040.76	12500879.30	13331131.61	3277882.23	3.30	0	97.00	0	0	.76	83040.76	.90	.96	.22	.95	159.10
	51828		  8625   	4000286406.44	8604996208.44	36669486.77	254165488.77	198452815.22	43536803.88	40.88	0	97.00	0	0	.46	36669487.11	16.86	13.16	2.88	1.28	4.55
	51846		  1439   	2971731829.00	6371947400.00	26303094.00	182306809.50	137518296.50	30730631.50	9.00	0	97.00	0	0	.46	26303094.00	17.14	12.94	2.82	1.32	4.55
gemver_STANDARD_gemm_STANDARD
	52516		 15359   	2702476307.38	7727963076.27	11221610.88	304446604.11	300610647.38	8773193.72	2.55	0	97.00	0	0	.35	11221610.88	21.72	21.45	.60	1.01	692.61
	52518		  8646   	3996414056.11	8626117863.77	39523950.11	254084601.55	197886374.11	43537009.44	44.66	0	97.00	0	0	.46	39523950.00	16.87	13.14	2.89	1.28	4.54
	52536		  6255   	3782261288.57	8082151673.42	36354355.71	237605962.14	169713004.85	40875521.28	35.00	0	97.00	0	0	.46	36354355.85	16.95	12.07	2.93	1.40	4.11
gemver_STANDARD_gramschmidt_STANDARD
	52971		  8460   	3994149975.66	8597971270.11	37891981.55	253746628.55	195248544.66	43463932.44	0	0	97.00	0	0	.46	37891981.33	17.14	13.19	2.94	1.30	4.48
	52973		 13165   	911154760.81	5004685420.12	53206806.75	172487224.06	171132944.06	1564053.87	33.18	0	97.00	0	0	.17	53206806.43	12.39	12.29	.11	1.00	1361.86
	52991		  4075   	3424901040.80	7463103169.80	32077553.20	214557449.00	174907102.80	36752184.60	0	0	97.00	0	0	.46	32077553.60	17.38	13.96	2.93	1.24	4.75
gemver_STANDARD_syrk_STANDARD
	53057		  8664   	3994275244.66	8627782923.33	38569694.00	254080974.66	188630549.88	43571133.66	0	0	97.00	0	0	.46	38569694.00	16.82	12.49	2.88	1.34	4.32
	53059		 16522   	18193787041.36	7903773135.63	3201687.26	284559618.05	284627215.68	12183002.94	41.94	0	97.00	0	0	2.32	3201687.26	20.31	20.31	.82	1.00	67.43
	53087		  7407   	3840036513.50	8399325353.25	37086817.62	242488614.37	194966893.00	41707020.50	0	0	97.00	0	0	.45	37086817.87	16.84	13.52	2.89	1.24	4.67
gesummv_STANDARD_2mm_STANDARD
	47725		 12504   	2448593365.20	7595335192.73	9870557.00	291627537.60	288666916.93	8555964.86	2.93	0	97.00	0	0	.32	9870557.00	21.12	20.91	.59	1.00	377.07
	47727		  7326   	4410998031.25	7937786294.75	75668.62	89609318.87	70977812.75	67664135.75	41.75	0	97.00	0	0	.55	75668.62	6.07	4.81	4.58	1.26	1.05
	47745		  4379   	4181334829.20	7565165229.20	60012.00	84407245.60	66899891.80	63854081.80	31.00	0	97.00	0	0	.54	60012.00	6.13	4.87	4.65	1.25	1.05
gesummv_STANDARD_3mm_STANDARD
	48352		 18282   	2252313770.82	7231723350.65	8454759.56	284498128.69	282443146.60	7858245.60	3.82	0	97.00	0	0	.31	8454759.56	20.94	20.80	.56	1.00	521.98
	48354		  7302   	4411226748.62	7936284569.62	74031.87	89546929.37	70853340.37	67656839.75	41.37	0	97.00	0	0	.55	74031.87	6.11	4.83	4.61	1.26	1.05
	48372		  7313   	4415572367.25	7950531588.75	66573.75	89543074.25	70858922.12	67720797.25	35.87	0	97.00	0	0	.55	66573.75	6.10	4.83	4.61	1.26	1.05
	48377		  2073   	3167590581.00	5697302929.66	64393.66	64154374.00	50629774.66	48405828.33	16.33	0	97.00	0	0	.57	64393.66	6.59	5.12	4.90	1.28	1.04
gesummv_STANDARD_blackscholes
	49714		 83566   	7674712356.03	5464078419.49	171154.43	15278449.90	23909686.66	4358742.61	3.85	0	97.00	0	0	0	171154.43	1.09	1.71	.31	.74	42.70
	49716		  7058   	5009900520.71	8953691692.71	80526.85	102419193.14	81184864.71	77058156.71	34.14	0	97.00	0	0	.55	80526.85	6.50	5.15	4.89	1.26	1.05
	49736		  7328   	4402623306.50	7871095695.62	79152.87	89534426.50	70787209.12	67419823.50	26.37	0	97.00	0	0	.56	79152.87	6.20	4.89	4.66	1.26	1.05
	49741		  7195   	4398706947.75	7889799033.37	61311.87	89539035.12	71001656.12	67469502.25	32.75	0	97.00	0	0	.55	61311.87	6.11	4.84	4.60	1.26	1.05
	49749		  7289   	4411346442.87	7922623284.25	68849.75	89662155.50	70970540.37	67552674.12	35.00	0	97.00	0	0	.55	68849.75	6.13	4.84	4.61	1.26	1.05
	49754		  7276   	4409189830.12	7909670323.00	69476.37	89639453.37	70977148.25	67557112.00	34.87	0	97.00	0	0	.55	69476.37	6.14	4.85	4.62	1.26	1.05
	49761		  7287   	4408701726.00	7913653703.87	70613.62	89607260.25	70878713.62	67552728.25	35.00	0	97.00	0	0	.55	70613.62	6.12	4.83	4.60	1.26	1.05
	49770		  7268   	4408991328.50	7912692765.37	62724.12	89579317.37	70849610.00	67606065.62	34.87	0	97.00	0	0	.55	62724.12	6.15	4.86	4.64	1.26	1.05
	49775		  7266   	4410126161.50	7917683731.75	67578.75	89595523.12	70943826.37	67550224.00	34.87	0	97.00	0	0	.55	67578.75	6.16	4.87	4.64	1.26	1.05
	49780		  7240   	4408286137.50	7907737363.75	66552.00	89605594.75	70862345.87	67557033.62	34.75	0	97.00	0	0	.56	66552.00	6.22	4.90	4.67	1.26	1.05
	49796		  7108   	4389421085.50	7853430307.25	62195.25	89534944.87	70807919.62	67516009.75	26.75	0	97.00	0	0	.58	62195.25	6.26	4.90	4.68	1.28	1.04
	49801		  3626   	4412109694.75	7906007072.50	46402.25	89861492.00	71241580.50	67770389.00	21.25	0	97.00	0	0	.55	46402.25	6.36	5.04	4.79	1.26	1.05
gesummv_STANDARD_cholesky_STANDARD
	50634		  6537   	15527459773.57	8282395018.42	8728067.28	345640192.00	459660974.00	3500213.00	0	0	97.00	0	0	1.87	8728067.28	23.28	30.96	.23	.75	132.07
	50636		  7129   	4388887824.37	7872220942.75	66252.75	89451832.12	70732332.12	67464503.12	40.00	0	97.00	0	0	.55	66252.75	6.47	5.11	4.88	1.26	1.05
	50654		  1004   	17919309008.00	9344880556.00	9784568.00	397355796.00	526769658.00	563526.00	36.00	0	65.00	0	0	1.91	9784568.00	25.32	33.57	.03	.75	934.77
gesummv_STANDARD_durbin_STANDARD
	53197		  7008   	4389906754.87	7900740645.00	50564.50	89509306.37	70865046.00	67515897.62	0	0	97.00	0	0	.55	50564.50	6.59	5.21	4.97	1.26	1.05
	53199		  6601   	1257743281.14	4338975318.71	12002584.14	93476700.14	71457075.42	8240445.85	35.00	0	97.00	0	0	.28	12002584.14	6.29	4.82	.53	1.30	10.29
	53217		  1004   	1474618236.00	4727040304.00	10696266.00	88980590.00	65042298.00	7032458.00	25.00	0	65.00	0	0	.31	10696266.00	5.67	4.14	.44	1.37	9.25
gesummv_STANDARD_ep
	51869		 10588   	5454186768.23	7385938941.15	73596.38	12293226.00	12946465.46	6280247.00	3.07	0	97.00	0	0	.76	73596.38	.89	.94	.44	.95	1427.90
	51871		  7259   	4393882613.12	7872111909.62	74292.25	89603176.62	70816158.62	67420606.00	38.37	0	97.00	0	0	.56	74292.25	6.13	4.82	4.59	1.27	1.04
	51889		  2457   	3815976387.00	6821989228.33	70208.33	77809838.33	61444632.66	58552489.66	20.33	0	97.00	0	0	.56	70208.33	6.23	4.91	4.68	1.26	1.05
gesummv_STANDARD_gemm_STANDARD
	52559		 16064   	2563090734.78	7624834529.52	11287420.47	288314270.57	284815366.94	8361666.42	2.31	0	97.00	0	0	.33	11287420.47	20.96	20.71	.57	1.01	490.44
	52561		  7293   	4408320610.62	7929368949.12	73469.50	89603280.62	70963942.62	67646610.62	41.25	0	97.00	0	0	.55	73469.50	6.12	4.84	4.62	1.26	1.05
	52579		  7296   	4410892396.12	7932391876.25	64455.50	89522379.12	70791324.37	67645341.50	35.62	0	97.00	0	0	.55	64455.50	6.11	4.83	4.62	1.26	1.05
	52584		  1003   	4390586936.00	7690956668.00	158550.00	89232546.00	69974879.00	66729942.00	30.00	0	65.00	0	0	.57	158550.00	5.69	4.46	4.25	1.28	1.05
gesummv_STANDARD_gramschmidt_STANDARD
	53294		  7126   	4392116978.12	7881908974.75	64604.12	89513445.62	70859019.87	67533522.25	0	0	97.00	0	0	.59	64604.12	6.12	4.79	4.57	1.29	1.04
	53296		 13251   	911310856.06	5027357910.18	53160810.12	171713144.50	170667139.18	2380611.12	32.50	0	97.00	0	0	.17	53160810.18	12.70	12.63	.16	1.00	269.46
	53314		  5157   	4222900337.83	7600248739.16	58444.00	85756912.16	67997135.50	64769007.33	0	0	97.00	0	0	.55	58444.00	6.27	5.00	4.75	1.25	1.05
gesummv_STANDARD_syrk_STANDARD
	53386		  7286   	4390957020.12	7892285427.50	73496.62	89614477.00	70877266.37	67372281.87	0	0	97.00	0	0	.55	73496.62	6.13	4.85	4.61	1.26	1.05
	53388		 16381   	16460093127.04	7091779633.61	2792469.61	257413841.71	257449471.00	17064962.61	36.61	0	97.00	0	0	2.35	2792469.61	19.93	19.93	1.19	1.00	76.36
	53406		  7246   	4390166618.25	7882971018.37	74555.37	89632105.37	70918849.62	67364834.25	0	0	97.00	0	0	.55	74555.37	6.21	4.90	4.65	1.26	1.05
	53411		   199   	85455610.00	223003895.00	92803.00	22278.00	17715.00	1617.00	0	0	97.00	0	0	.38	92803.00	0	0	0	1.26	10.96
mvt_STANDARD_2mm_STANDARD
	47811		 11659   	2623209848.28	7547405866.35	9860650.21	312073480.28	309130518.57	8716480.50	1.64	0	97.00	0	0	.34	9860650.21	22.44	22.24	.58	1.00	350.96
	47813		 10813   	3348375761.72	8836526915.63	46059225.72	252947967.63	206960726.45	37737104.72	45.63	0	97.00	0	0	.37	46059226.18	16.45	13.46	2.45	1.22	5.49
	47831		   528   	1735160123.00	4528042331.00	20308974.00	113105953.00	95163528.00	16200729.00	0	0	97.00	0	0	.38	20308974.00	13.70	11.53	1.96	1.19	5.87
mvt_STANDARD_3mm_STANDARD
	48450		 17110   	2723592942.21	8160274894.10	9298200.94	343955041.52	341670491.36	9730354.68	2.42	0	97.00	0	0	.33	9298200.94	23.30	23.14	.63	1.00	630.00
	48452		 10690   	3350028477.09	8749743798.90	46238221.81	252919388.09	202474230.54	37730968.63	45.09	0	97.00	0	0	.38	46238221.45	16.61	13.29	2.47	1.24	5.37
	48470		  5996   	3437812292.00	9049574858.16	47325735.66	258215917.66	217146322.83	38433630.00	38.66	0	97.00	0	0	.37	47325735.33	16.54	13.90	2.46	1.18	5.65
mvt_STANDARD_blackscholes
	49907		 82946   	8147097562.87	5767490849.47	174232.68	16202023.48	25357160.70	4583761.21	2.97	0	97.00	0	0	0	174232.68	1.12	1.76	.31	.74	47.95
	49909		 10798   	3346692263.90	8788137804.18	43048128.18	252705952.45	209332948.36	37566476.09	34.45	0	97.00	0	0	.38	43048128.36	16.40	13.58	2.43	1.20	5.59
	49924		 10716   	3354194412.72	8814014524.81	43103003.81	252790195.81	207481753.00	37644627.36	34.18	0	97.00	0	0	.38	43103004.00	16.56	13.59	2.46	1.21	5.51
	49932		 10732   	3359202715.45	8812616653.54	43239059.00	252792369.90	205410109.63	37702970.81	39.54	0	97.00	0	0	.38	43239058.54	16.55	13.45	2.46	1.23	5.46
	49937		 10779   	3358643066.18	8855045873.81	43267810.54	252886408.45	209713032.63	37719165.54	39.81	0	97.00	0	0	.37	43267810.54	16.52	13.69	2.46	1.20	5.57
	49942		 10814   	3361562525.81	8870614680.18	43346204.90	252879860.72	212284610.27	37703168.63	39.90	0	97.00	0	0	.37	43346204.36	16.45	13.81	2.45	1.19	5.64
	49952		 10818   	3359461016.00	8875554504.27	43190850.09	252828810.81	208928186.09	37713909.90	39.90	0	97.00	0	0	.37	43190850.54	16.44	13.58	2.45	1.21	5.55
	49957		 10508   	3395573721.00	8700547181.72	43121865.18	252879794.09	196394821.54	37675722.63	34.36	0	97.00	0	0	.39	43121864.72	16.88	13.11	2.51	1.28	5.22
	49962		  5144   	2726327022.00	7109532762.66	34290014.83	201379002.33	169757660.66	30183425.00	22.00	0	97.00	0	0	.38	34290014.83	15.04	12.66	2.30	1.19	5.47
mvt_STANDARD_cholesky_STANDARD
	50725		  6434   	15509828967.42	8178637093.00	8742149.57	345107344.42	458162881.42	2976192.14	0	0	97.00	0	0	1.89	8742149.57	23.44	31.10	.20	.75	156.15
	50727		 10743   	2834348184.00	7516159461.61	39064359.76	213954657.30	185179291.15	31867170.53	37.46	0	97.00	0	0	.37	39064359.69	15.36	13.30	2.35	1.14	5.43
	50745		  3599   	15464652319.25	8147009510.50	8717010.25	343618642.00	454910626.00	3042661.00	0	0	97.00	0	0	1.89	8717010.25	24.46	32.36	.21	.75	151.23
mvt_STANDARD_durbin_STANDARD
	54421		 10818   	2854329653.23	7584247816.69	36976301.30	213887721.92	181151222.30	31874611.15	2.84	0	97.00	0	0	.37	36976301.00	15.32	12.98	2.27	1.16	5.36
	54423		  6526   	1252061851.57	4288395641.57	12171697.00	93442842.28	70489909.42	8167130.71	35.28	0	97.00	0	0	.27	12171697.00	6.33	4.79	.53	1.32	10.45
	54441		  3675   	1274762213.00	4322242500.00	11888458.00	91997215.25	69098100.00	8031916.25	25.00	0	97.00	0	0	.29	11888458.00	6.43	4.84	.56	1.33	8.79
mvt_STANDARD_ep
	51955		 10624   	6450298713.36	8712778718.27	107522.63	14618329.54	15506869.81	3101531.72	0	0	97.00	0	0	.73	107522.63	.96	1.02	.20	.94	5.02
	51957		 10666   	3073112374.66	8084179040.16	39772777.00	231743430.58	192889775.91	34560362.33	37.75	0	97.00	0	0	.36	39772777.25	17.37	14.51	2.41	1.19	6.31
	51975		  1003   	6822368345.00	9164928974.00	123525.00	17626703.00	19893578.00	31724.00	30.00	0	65.00	0	0	.74	123525.00	1.12	1.26	0	.89	627.08
mvt_STANDARD_gemm_STANDARD
	52651		 14893   	2859759085.05	7950541386.29	11784205.52	320477363.23	318211372.17	9179396.64	2.70	0	97.00	0	0	.36	11784205.52	22.18	22.03	.61	1.00	188.59
	52653		 10608   	3350193041.90	8669446507.27	45856988.18	252844431.00	190715488.45	37747727.54	44.90	0	97.00	0	0	.38	45856988.00	16.70	12.59	2.48	1.32	5.07
	52677		  3761   	3189888123.50	8466212617.75	43646115.25	238289090.25	208580880.25	35370627.00	32.00	0	97.00	0	0	.37	43646116.00	16.25	14.23	2.41	1.14	5.89
mvt_STANDARD_gramschmidt_STANDARD
	54523		 10411   	3349555647.27	8667922057.90	44372011.81	252798990.18	193269508.09	37627413.27	0	0	97.00	0	0	.38	44372012.09	16.89	12.91	2.51	1.30	5.14
	54525		 13127   	911389551.00	4994187246.25	52955302.25	171557663.43	170697186.31	1335404.25	33.12	0	97.00	0	0	.19	52955302.12	11.97	11.91	.09	1.00	276.48
	54553		  2013   	2332987900.00	6172238224.66	30272841.33	171704479.66	148375125.33	25251826.33	0	0	97.00	0	0	.35	30272840.33	14.96	13.09	1.98	1.14	7.13
mvt_STANDARD_syrk_STANDARD
	54576		 10816   	3349630302.63	8841653077.81	45551373.36	252897303.63	209563523.90	37804231.63	0	0	97.00	0	0	.37	45551373.09	16.45	13.63	2.45	1.20	5.55
	54578		 15852   	19206765493.00	7991167200.66	3297654.66	300373421.11	300409120.11	11210325.44	42.66	0	97.00	0	0	2.41	3297654.66	21.04	21.04	.74	1.00	57.69
	54596		  4743   	3259844100.00	8577469241.20	43074936.40	240066417.00	201689649.20	36294163.00	0	0	97.00	0	0	.38	43074936.00	16.18	13.60	2.45	1.18	5.55
syr2k_STANDARD_2mm_STANDARD
	47854		 11719   	3056387760.00	8746726042.50	11114421.66	364166067.00	360812753.41	11119203.08	0	0	97.00	0	0	.34	11114421.66	23.76	23.54	.72	1.01	32.46
	47856		 15652   	15553395989.77	7919312177.05	2621978.11	338238316.61	309697805.22	47239839.44	45.77	0	97.00	0	0	1.96	2621978.11	23.98	21.96	3.28	1.09	6.86
	47874		  3489   	2836069523.25	7859529258.75	9661080.50	327163507.25	319400267.50	10662039.00	0	0	97.00	0	0	.35	9661080.50	24.13	23.59	.77	1.02	30.77
syr2k_STANDARD_3mm_STANDARD
	48493		 16993   	2721643358.63	8103871051.84	8885756.78	344303519.57	341833405.63	10991295.10	2.42	0	97.00	0	0	.33	8885756.78	23.50	23.34	.72	1.00	634.26
	48495		 15797   	17500085561.62	8920470994.18	3073385.87	379953339.62	348136817.81	53780095.81	52.00	0	97.00	0	0	1.96	3073385.87	24.59	22.53	3.48	1.09	6.47
	48513		   867   	14644383882.00	7688648777.00	1897293.00	316215641.00	289766478.00	61264182.00	0	0	97.00	0	0	1.90	1897293.00	23.34	21.38	4.52	1.09	4.73
syr2k_STANDARD_blackscholes
	49991		 86596   	7319499824.51	5302491343.43	143080.61	14528702.25	22746944.28	4244540.34	4.50	0	97.00	0	0	0	143080.61	1.03	1.61	.30	.70	69.14
	49993		  6869   	6257773946.28	8367863019.28	203988.42	183025263.71	183349150.57	178537265.71	36.85	0	97.00	0	0	.76	203988.42	11.81	11.83	11.52	.99	1.02
	50011		  7043   	6308606745.42	8343279185.00	237093.85	183041658.85	183353405.00	178577556.14	32.71	0	97.00	0	0	.76	237093.85	11.65	11.67	11.37	.99	1.02
	50016		  8521   	5087805209.11	6946802009.22	81970.66	142388214.88	142594050.22	138845592.33	33.00	0	97.00	0	0	.82	81970.66	9.20	9.21	8.97	.99	1.02
	50024		  7111   	5479707498.87	7516744604.50	190925.00	160208591.37	160470546.12	156128708.12	36.37	0	97.00	0	0	.64	190925.00	10.22	10.24	9.96	.93	1.46
	50029		  7067   	6262172925.42	8557597392.42	201133.14	183123696.14	183427613.42	178424858.42	41.28	0	97.00	0	0	.73	201133.14	11.64	11.66	11.34	.99	1.02
	50034		  7074   	6264052624.42	8556969206.00	168350.57	183057883.57	183367719.85	178425184.42	41.28	0	97.00	0	0	.73	168350.57	11.62	11.64	11.33	.99	1.02
	50045		  7095   	5484813881.50	7500463921.00	191709.50	160245692.87	160525355.37	156118694.50	36.25	0	97.00	0	0	.64	191709.50	10.22	10.24	9.96	.93	1.62
	50055		  7085   	5479059615.00	7485056065.87	169873.87	160213521.62	160453291.50	156114115.50	36.25	0	97.00	0	0	.64	169873.87	10.22	10.24	9.96	.91	10.06
	50070		  7116   	5485394656.00	7491916644.25	97588.50	160186904.37	160447925.25	156110789.37	36.37	0	97.00	0	0	.64	97588.50	10.22	10.24	9.96	.92	10.04
	50075		  7060   	6261068866.71	8530040952.28	117184.57	183075389.85	183374598.57	178423530.85	39.28	0	97.00	0	0	.74	117184.57	11.64	11.66	11.34	.99	1.02
	50080		  6914   	6268015837.28	8394301877.28	107917.71	183011779.28	183309249.00	178508026.28	32.42	0	97.00	0	0	.76	107917.71	11.76	11.78	11.48	.99	1.02
	50085		  2646   	4031267162.25	5634286231.25	168890.00	120827254.50	121328400.25	117039436.00	14.75	0	97.00	0	0	0	168890.00	9.10	9.13	8.83	1.00	1.04
syr2k_STANDARD_cholesky_STANDARD
	50725		  6434   	15509828967.42	8178637093.00	8742149.57	345107344.42	458162881.42	2976192.14	0	0	97.00	0	0	1.89	8742149.57	23.44	31.10	.20	.75	156.15
	50727		 10743   	2834348184.00	7516159461.61	39064359.76	213954657.30	185179291.15	31867170.53	37.46	0	97.00	0	0	.37	39064359.69	15.36	13.30	2.35	1.14	5.43
	50745		  3599   	15464652319.25	8147009510.50	8717010.25	343618642.00	454910626.00	3042661.00	0	0	97.00	0	0	1.89	8717010.25	24.46	32.36	.21	.75	151.23
syr2k_STANDARD_ep
	51955		 10624   	6450298713.36	8712778718.27	107522.63	14618329.54	15506869.81	3101531.72	0	0	97.00	0	0	.73	107522.63	.96	1.02	.20	.94	5.02
	51957		 10666   	3073112374.66	8084179040.16	39772777.00	231743430.58	192889775.91	34560362.33	37.75	0	97.00	0	0	.36	39772777.25	17.37	14.51	2.41	1.19	6.31
	51975		  1003   	6822368345.00	9164928974.00	123525.00	17626703.00	19893578.00	31724.00	30.00	0	65.00	0	0	.74	123525.00	1.12	1.26	0	.89	627.08
trisolv_STANDARD_2mm_STANDARD
	47940		 11830   	2627258577.00	7643178145.35	9882574.14	312194770.57	309138177.42	8672021.07	3.07	0	97.00	0	0	.34	9882574.14	22.20	21.99	.57	1.00	350.61
	47942		  7885   	4044322583.25	8671511255.62	49537.62	44838506.12	40922755.87	33934679.87	44.50	0	97.00	0	0	.46	49537.62	2.90	2.65	2.20	1.09	1.20
	47960		  3730   	3792141802.50	8136849986.25	30059.25	41881056.25	38101308.75	31823413.25	30.75	0	97.00	0	0	.46	30059.25	2.87	2.61	2.18	1.10	1.19
trisolv_STANDARD_3mm_STANDARD
	48579		 17286   	2351870028.72	7118377573.27	8118496.31	297116729.04	295076710.81	8091603.09	4.00	0	97.00	0	0	.33	8118496.31	21.68	21.54	.53	1.00	745.09
	48581		  7912   	4043654687.12	8666067912.00	51898.12	44724794.12	40713779.62	33938845.62	44.00	0	97.00	0	0	.46	51898.12	2.89	2.63	2.19	1.09	1.19
	48599		  7892   	4045773508.12	8671159789.75	42785.12	44656481.00	40647022.12	33932246.50	38.62	0	97.00	0	0	.46	42785.12	2.89	2.63	2.19	1.10	1.19
	48604		  1061   	1925926346.00	4125000700.50	45186.50	21437609.50	19464794.00	16174536.50	.50	0	97.00	0	0	.51	45186.50	2.68	2.36	1.88	1.13	1.26
trisolv_STANDARD_blackscholes
	50207		 83655   	7672984317.38	5477970722.97	212591.66	15307736.31	23851903.04	4313871.88	3.69	0	97.00	0	0	0	212591.66	1.10	1.71	.31	.75	124.40
	50209		  7833   	4039073208.12	8652151191.00	49419.37	44612747.00	40570337.25	33885182.75	31.75	0	97.00	0	0	.46	49419.37	2.91	2.64	2.21	1.09	1.19
	50224		  7853   	4028468306.37	8630067350.50	52928.87	44630690.50	40570993.37	33886008.50	28.12	0	97.00	0	0	.46	52928.87	2.90	2.64	2.20	1.10	1.19
	50229		  7962   	4068996759.62	8732792782.37	44063.00	44709146.00	40670285.62	33967803.37	37.50	0	97.00	0	0	.46	44063.00	2.87	2.61	2.18	1.09	1.19
	50237		  7888   	4061802786.62	8715993817.00	45001.87	44709224.12	40638258.62	33985522.00	37.50	0	97.00	0	0	.46	45001.87	2.90	2.63	2.20	1.10	1.19
	50242		  7892   	4060952771.50	8715265672.37	47831.75	44799863.00	40833205.50	33977812.25	37.62	0	97.00	0	0	.46	47831.75	2.90	2.64	2.20	1.09	1.20
	50247		  7912   	4066349971.37	8728423009.62	46190.12	44731317.25	40674529.00	33952748.62	37.62	0	97.00	0	0	.46	46190.12	2.89	2.63	2.19	1.10	1.19
	50252		  7918   	4061702145.50	8717796729.12	46677.62	44639841.00	40567468.75	33959168.75	37.62	0	97.00	0	0	.46	46677.62	2.88	2.62	2.19	1.09	1.19
	50257		  7914   	4064601266.37	8723127357.87	48840.75	44707261.12	40620626.25	33952964.87	37.62	0	97.00	0	0	.46	48840.75	2.89	2.62	2.19	1.10	1.19
	50262		  7908   	4061451381.12	8719614532.62	43954.00	44676128.37	40638830.37	33977571.25	37.50	0	97.00	0	0	.46	43954.00	2.89	2.62	2.19	1.10	1.19
	50267		  7799   	4038910313.37	8655591052.37	47400.12	44666907.75	40603812.50	33909309.62	27.87	0	97.00	0	0	.46	47400.12	2.92	2.66	2.22	1.09	1.19
	50272		  2746   	3629895839.33	7810461516.33	42111.33	39718364.66	36119479.66	30255343.33	18.33	0	97.00	0	0	.46	42111.33	2.79	2.54	2.12	1.10	1.19
trisolv_STANDARD_cholesky_STANDARD
	50836		  6401   	15510717114.14	8173541328.28	8627254.28	344961586.14	457779349.14	2861740.57	0	0	97.00	0	0	1.89	8627254.28	23.59	31.28	.19	.75	161.87
	50838		  7768   	3234112771.30	6935287058.40	36089.80	35774698.70	32532562.00	27103587.60	34.00	0	97.00	0	0	.45	36089.80	2.71	2.46	2.06	1.08	1.18
	50856		   644   	10656261463.00	5685657470.00	5957593.00	237337842.00	315164719.00	2490178.00	0	0	97.00	0	0	1.87	5957593.00	23.58	31.32	.24	.75	126.56
trisolv_STANDARD_durbin_STANDARD
	55801		  7691   	3234715581.60	6963491224.00	31668.50	35811680.60	32638426.60	27109617.80	2.00	0	97.00	0	0	.45	31668.50	2.73	2.49	2.07	1.09	1.18
	55803		  6479   	1250575826.28	4278598958.14	11779938.57	93464754.00	69885693.00	8137882.00	33.71	0	97.00	0	0	.27	11779938.57	6.36	4.78	.53	1.33	10.49
	55821		   573   	625679510.00	2113155728.00	5482373.00	41805392.00	29038192.00	2057715.00	0	0	97.00	0	0	.29	5482373.00	4.66	3.24	.22	1.44	14.11
trisolv_STANDARD_ep
	52058		 10709   	5456333375.07	7359815405.15	97038.15	12450724.76	13272242.30	2275980.46	2.92	0	97.00	0	0	.76	97038.15	.89	.95	.15	.95	156.44
	52060		  7906   	4048327510.12	8698714883.50	49754.50	44893151.62	40965372.50	33942378.25	40.12	0	97.00	0	0	.46	49754.50	2.90	2.65	2.19	1.09	1.20
	52083		  2605   	3461994090.33	7439019486.33	28111.66	38321455.33	34864019.00	29057098.33	22.00	0	97.00	0	0	.46	28111.66	2.84	2.58	2.15	1.10	1.20
trisolv_STANDARD_gemm_STANDARD
	52743		 15054   	2860773764.17	8046245035.70	11942491.64	320654476.64	318257178.11	9108304.05	2.58	0	97.00	0	0	.35	11942491.64	22.04	21.88	.58	1.00	638.79
	52745		  7881   	4040571902.12	8661818522.75	51499.62	44695974.87	40667055.62	33921933.00	44.75	0	97.00	0	0	.46	51499.62	2.90	2.63	2.20	1.10	1.19
	52763		  6949   	4099598329.00	8796409184.71	41398.71	45199920.00	41184256.00	34347443.00	38.85	0	97.00	0	0	.46	41398.71	2.91	2.65	2.21	1.09	1.19
trisolv_STANDARD_gramschmidt_STANDARD
	55894		  7797   	4046018716.50	8693881173.12	42613.62	44792987.25	40817950.25	33918129.75	0	0	97.00	0	0	.46	42613.62	2.93	2.67	2.22	1.09	1.20
	55896		 13125   	911140797.06	4989558766.81	52151474.93	171508293.00	170632515.50	1243610.56	31.93	0	97.00	0	0	0	52151475.25	12.50	12.43	.08	.94	1169.33
	55914		  5017   	3486159850.50	7498535518.66	36345.00	38604874.33	35210757.33	29222876.16	0	0	97.00	0	0	.45	36345.00	2.49	2.27	1.89	1.08	1.17
trisolv_STANDARD_syrk_STANDARD
	55710		 15669   	19205806045.61	7868425697.44	3326901.61	300326707.44	300381408.27	8526687.88	2.55	0	97.00	0	0	2.45	3326901.61	21.03	21.03	.56	1.00	60.57
	55712		  7953   	4046601770.87	8723926935.12	54439.12	44911944.37	40986217.37	33852070.37	47.12	0	97.00	0	0	.46	54439.12	2.88	2.63	2.17	1.09	1.20
	55730		  7565   	3892979103.50	8386013231.75	38586.37	43024504.25	39195710.37	32582897.25	39.12	0	97.00	0	0	.46	38586.37	2.91	2.65	2.20	1.09	1.20
trmm_STANDARD_2mm_STANDARD
	47994		 11234   	3055959307.16	8456890796.00	10275221.66	364130862.83	359871557.50	3886659.33	0	0	97.00	0	0	.36	10275221.66	24.08	23.80	.25	1.01	92.99
	47996		 13809   	18997726668.62	7870474969.18	6344430.50	307650380.50	374874166.68	5581128.31	42.87	0	97.00	0	0	2.41	6344430.50	22.28	27.15	.39	.82	77.20
	48014		  1678   	2828163305.00	7555136198.50	9629048.50	314694717.50	309863690.00	3137068.00	0	0	97.00	0	0	.37	9629048.50	24.09	23.72	.23	1.02	101.22
trmm_STANDARD_3mm_STANDARD
	48628		 16385   	2722745146.78	7833283486.42	8708885.78	344369787.05	341554883.84	4738047.26	2.68	0	97.00	0	0	.34	8708885.78	24.31	24.11	.31	1.00	641.87
	48630		 13868   	21716470098.78	8957663474.50	7514220.71	351540043.92	428809214.85	3271841.28	49.42	0	97.00	0	0	2.42	7514220.71	22.69	27.68	.21	.82	131.68
	48648		  2284   	14923582614.33	6810139604.33	4495749.00	241990129.00	287654469.66	30167593.33	21.66	0	97.00	0	0	2.20	4495749.00	20.54	24.58	2.41	.83	10.37
trmm_STANDARD_blackscholes
	50304		 84200   	8429385729.31	6060664666.40	232172.44	16714930.50	26139968.01	4750661.57	2.39	0	97.00	0	0	0	232172.44	1.12	1.75	.31	.74	45.16
	50306		 25141   	19752773480.18	8659827896.56	5959828.18	309381581.37	374479590.12	15438529.87	34.93	0	97.00	0	0	2.28	5959828.18	20.42	24.67	1.02	.82	23.27
	50326		 15008   	20266494052.93	9007810117.53	5918026.46	328264157.33	390313058.73	34589038.60	45.66	0	97.00	0	0	2.25	5918026.46	20.99	24.96	2.21	.84	11.30
	50334		 15047   	20265951516.66	9070751248.26	5978215.80	328367944.00	389361423.66	31110954.20	46.60	0	97.00	0	0	2.23	5978215.80	20.95	24.84	1.98	.84	12.51
	50340		 14697   	20265765057.40	8838833053.40	6436714.80	328224322.80	394763143.13	19883601.80	45.33	0	97.00	0	0	2.29	6436714.80	21.37	25.70	1.29	.83	19.84
	50345		 14901   	20265367017.20	9009626223.46	6215064.20	328335056.53	390886623.66	26293620.06	44.93	0	65.00	0	0	2.24	6215064.20	21.14	25.16	1.69	.84	15.00
	50350		  8595   	21443148998.88	8807155850.22	6954312.00	347241191.22	424556875.55	1710253.77	32.22	0	65.00	0	0	2.43	6954312.00	23.29	28.48	.11	.81	257.95
trmm_STANDARD_cholesky_STANDARD
	50879		  6345   	15503586497.42	8087978248.71	8948042.28	344010198.28	455426014.85	2069122.00	0	0	97.00	0	0	1.91	8948042.28	23.37	30.93	.13	.75	223.47
	50881		 13802   	17880592164.35	7417106850.52	6068183.35	289481014.94	352675427.64	4976651.58	40.00	0	97.00	0	0	2.41	6068183.35	21.96	26.71	.34	.82	129.63
	50899		  6294   	15502318240.85	8087286401.85	8782956.14	344268563.85	455565865.42	1951685.57	0	0	97.00	0	0	1.91	8782956.14	23.76	31.43	.13	.75	236.08
	50909		  1004   	17361231859.00	9033953999.00	9357174.00	384407432.00	508118694.00	542472.00	34.00	0	65.00	0	0	1.92	9357174.00	24.50	32.39	.03	.76	936.67
trmm_STANDARD_durbin_STANDARD
	55980		 13986   	17893168905.47	7437051215.70	5857168.47	289392718.58	352926319.35	3183661.70	2.29	0	97.00	0	0	2.41	5857168.47	21.41	26.10	.22	.82	149.63
	55982		  6419   	1247337627.28	4258820495.00	12435708.71	93457100.00	70277897.00	7982740.14	38.85	0	97.00	0	0	.27	12435708.71	6.39	4.83	.52	1.32	10.81
	56000		  6434   	1247449696.14	4264456110.00	12294903.28	93464504.14	70638959.28	7973707.57	32.28	0	97.00	0	0	.27	12294903.28	6.40	4.86	.52	1.31	10.90
	56005		  1003   	1476423194.00	4731853249.00	10779767.00	89786324.00	64477847.00	7054444.00	26.00	0	65.00	0	0	.31	10779767.00	5.72	4.11	.45	1.39	9.14
trmm_STANDARD_ep
	52117		 10564   	6456405871.90	8697077527.09	117738.18	14852263.72	15887186.36	1770259.54	0	0	97.00	0	0	.74	117738.18	.97	1.04	.11	.93	8.97
	52119		 13736   	18996161418.00	7828967076.18	6165645.43	307595263.31	375127979.06	2827607.25	39.75	0	97.00	0	0	2.43	6165645.43	22.00	26.80	.19	.82	150.24
	52137		  2608   	5913844452.66	7950295274.00	101540.66	13437192.33	14156298.33	1600712.00	0	0	97.00	0	0	.74	101540.66	.98	1.03	.11	.95	8.74
trmm_STANDARD_gemm_STANDARD
	52786		 14300   	2858551393.52	7654754123.64	10184538.82	321798439.76	318048612.00	3906019.23	.47	0	97.00	0	0	.37	10184538.82	23.03	22.77	.27	1.01	154.16
	52788		 13884   	21721146774.35	8942797310.21	7505829.78	351769698.64	429043489.78	3225248.78	50.21	0	97.00	0	0	2.42	7505829.78	22.67	27.65	.20	.81	133.38
	52812		   175   	3000307081.00	1346359456.00	1054101.00	49201940.00	61580846.00	3970220.00	0	0	97.00	0	0	2.22	1054101.00	17.99	22.52	1.45	.80	15.51
trmm_STANDARD_gramschmidt_STANDARD
	56091		 13525   	18996383806.81	7800664763.56	6367650.87	307677828.12	375490851.75	1767421.18	1.12	0	97.00	0	0	2.41	6367650.87	21.66	26.84	.13	.80	260.42
	56093		 13116   	1121142439.92	6099609133.07	66856517.76	210839738.53	209963733.84	367782.23	45.69	0	97.00	0	0	.18	66856517.53	13.39	13.33	.02	1.00	612.42
	56121		   370   	578212975.00	3176197511.00	34573722.00	111835656.00	111258297.00	648918.00	0	0	97.00	0	0	.18	34573720.00	19.34	19.24	.11	1.01	171.45
trmm_STANDARD_syrk_STANDARD
	55753		 16271   	18193318228.89	7771321430.21	3061861.05	284543610.52	284592320.26	26342441.84	2.84	0	97.00	0	0	2.34	3061861.05	19.93	19.94	1.82	1.00	30.99
	55755		 14675   	20264289921.93	8819584129.26	6652077.86	328247901.60	396371901.20	22050880.46	52.46	0	97.00	0	0	2.29	6652077.86	21.39	25.82	1.44	.82	17.93
	55778		  1135   	10698836796.00	4992745055.00	2981188.50	173535573.50	205269795.50	28581896.00	3.00	0	97.00	0	0	2.15	2981188.50	19.17	22.24	3.58	.86	6.35
