2mm_STANDARD
25.70
25.73
25.74
25.70

3mm_STANDARD
37.95
38.35
38.06

all

blackscholes
84.10
82.20

cholesky_STANDARD
6.91
6.88
6.94
6.84
6.87
6.86
6.87
6.88
6.89
6.87
6.89
6.89
6.94
6.87

doitgen_STANDARD
15.60
15.41
16.43
15.63
15.58
15.61

durbin_STANDARD
12.58
12.57
12.57
12.55
12.53
12.57
12.48
12.55

ep.A.g
10.88
10.88
10.90
10.90
10.90
10.87
10.94
10.93
10.92

ft.A
3.32
3.29
3.29
3.31
3.27
3.35
3.29
3.36
3.29
3.26
3.25
3.47
3.28
3.29
3.37
3.27
3.33
3.30
3.34
3.28
3.30
3.30
3.31
3.26
3.29
3.27
3.27
3.27

gemm_STANDARD
32.81
32.82
32.70

gemver_STANDARD
14.57
14.68
14.53
14.55
14.65
14.82
14.76

gesummv_STANDARD
7.67
7.65
7.64
7.64
7.63
7.67
7.62
7.63
7.68
7.66
7.64
7.62

gramschmidt_STANDARD
28.76
28.32
28.83
28.80

jacLR
14.50
14.38
14.37
14.40
14.40
14.39
14.38

mvt_STANDARD
19.48
19.52
19.46
19.40
19.44

stream_d0
8.36
8.26
8.27
8.25
8.22
8.21
8.25
8.22
8.21
8.22
8.23

syr2k_STANDARD
17.93
17.95
17.93
17.95
17.90

syrk_STANDARD
18.39
18.08
18.20
18.26
18.28

trisolv_STANDARD
8.00
7.97
7.97
7.95
7.96
7.94
7.97
7.99
7.98
7.95
7.94
7.97

trmm_STANDARD
16.58
16.54
16.62
16.44
16.62
16.69

