Bench	PID		time	Instr Ret	Unh Clk Cycles	l2 trans reqs	l1lines	l2lines	Per Core bw	Power	Power2	Power3	bandwidth	 	IPC	MEM INTENSIITY	L2->L1 BW (MB)	L3->L2 BW (MB)	MM->L3 BW (MB)	L2 REUSE	L3 REUSE
ft
	50982		 14572   	10556644373.80	6349675840.28	55341.85	1330063074.14	4413584.66	3413552.85	6.09	0	97.00	0	0	1.66	55341.85	107.12	.35	.27	332.55	1.31
	50984		  3179   	7111724578.00	5115552778.50	3970144.25	312453664.50	53335908.50	28300859.00	36.25	0	97.00	0	0	1.51	3970144.25	22.73	3.71	2.04	6.38	1.75
	51003		  3213   	7146376826.00	5213085320.25	4178940.50	312500410.00	61904253.50	27908459.75	26.25	0	97.00	0	0	1.43	4178940.50	25.66	4.91	2.15	5.08	2.27
	51008		  3175   	7128380833.00	5156489952.50	4150865.25	312491011.50	59158283.75	27751594.50	25.75	0	97.00	0	0	1.46	4150865.25	25.12	4.56	2.15	5.41	2.09
	51013		  2273   	4639444347.33	4437096233.33	2152611.66	188956755.66	41650760.33	17523305.66	19.33	0	97.00	0	0	1.21	2152611.66	23.82	4.92	1.91	4.56	2.48
gemver_STANDARD_doitgen_STANDARD
	51081		 14829   	13038761160.88	7849126929.17	74185.94	1644574993.23	5403515.11	4445853.94	2.82	0	97.00	0	0	1.66	74185.94	114.89	.37	.30	316.59	1.21
	51083		  8552   	3997245150.77	8539194872.33	36371142.77	254088781.00	186021140.77	43472052.77	45.88	0	97.00	0	0	.46	36371143.55	17.07	12.49	2.91	1.36	4.29
	51106		  5722   	4018262080.66	8625602661.83	36160718.83	251872755.50	193576775.00	43295435.16	38.00	0	97.00	0	0	.46	36160718.66	16.88	12.98	2.90	1.30	4.46
gesummv_STANDARD_doitgen_STANDARD
	51129		 14816   	13038953553.05	7865347669.94	72502.11	1644571850.64	5428862.94	4463081.05	2.70	0	97.00	0	0	1.65	72502.11	114.34	.37	.30	299.64	1.43
	51131		  7259   	4384789845.87	7855700898.25	75438.50	89598379.50	70908348.25	67441171.50	42.87	0	97.00	0	0	.56	75438.50	6.11	4.82	4.58	1.27	1.04
	51149		  6680   	4671671522.57	8376596872.42	61384.00	95213617.85	75342192.00	71783858.00	38.71	0	97.00	0	0	.55	61384.00	6.40	5.06	4.82	1.26	1.05
mvt_STANDARD_doitgen_STANDARD
	51220		 14693   	13027237410.88	7809404234.29	70036.58	1644373430.70	5336329.29	4447904.41	2.82	0	97.00	0	0	1.66	70036.58	115.29	.37	.30	319.02	1.24
	51222		 10891   	3351319644.90	8889324046.09	43128818.54	252834092.18	217791864.72	37653914.72	47.27	0	97.00	0	0	.37	43128818.18	16.32	14.06	2.43	1.16	5.79
	51240		  3536   	3068992781.75	7972234691.50	38734807.00	228250859.00	180944478.00	33811224.00	30.25	0	97.00	0	0	.38	38734807.50	16.79	13.31	2.46	1.26	5.40
syr2k_STANDARD_doitgen_STANDARD
	51220		 14693   	13027237410.88	7809404234.29	70036.58	1644373430.70	5336329.29	4447904.41	2.82	0	97.00	0	0	1.66	70036.58	115.29	.37	.30	319.02	1.24
	51222		 10891   	3351319644.90	8889324046.09	43128818.54	252834092.18	217791864.72	37653914.72	47.27	0	97.00	0	0	.37	43128818.18	16.32	14.06	2.43	1.16	5.79
	51240		  3536   	3068992781.75	7972234691.50	38734807.00	228250859.00	180944478.00	33811224.00	30.25	0	97.00	0	0	.38	38734807.50	16.79	13.31	2.46	1.26	5.40
trisolv_STANDARD_doitgen_STANDARD
	51333		 14754   	13028808040.70	7820547215.05	67274.05	1642435849.88	5461657.64	4450073.11	2.64	0	97.00	0	0	1.66	67274.05	114.41	.38	.30	309.99	1.24
	51335		  7896   	4041941727.50	8677757655.62	50376.25	44871838.37	40942082.50	33928794.37	45.75	0	97.00	0	0	.46	50376.25	2.90	2.65	2.19	1.09	1.20
	51353		  6648   	3913721539.85	8409444087.57	35559.00	43209536.57	39337557.57	32843603.14	37.71	0	97.00	0	0	.46	35559.00	2.91	2.65	2.21	1.10	1.19
trmm_STANDARD_doitgen_STANDARD
	51376		 14551   	13022424602.17	7781988765.58	61724.23	1644871247.47	5343727.47	4307478.64	1.29	0	97.00	0	0	1.67	61724.23	116.36	.37	.30	300.48	1.44
	51378		 13802   	21717700665.00	8918397215.85	7039336.50	351694749.35	429145937.50	2643019.92	50.85	0	97.00	0	0	2.43	7039336.50	22.79	27.80	.17	.82	163.14
	51396		   429   	8388278626.00	3660324857.00	2590841.00	136291924.00	164976996.00	9035374.00	0	0	97.00	0	0	2.29	2590841.00	20.33	24.61	1.34	.83	18.26
