Bench	PID		time	Instr Ret	Unh Clk Cycles	l2 trans reqs	l1lines	l2lines	Per Core bw	Power	Power2	Power3	bandwidth	 	IPC	MEM INTENSIITY	L2->L1 BW (MB)	L3->L2 BW (MB)	MM->L3 BW (MB)	L2 REUSE	L3 REUSE
jacLR_2mm_STANDARD
	60809		 13316   	4810508298.92	8561190090.57	5569285.14	218385907.42	145560676.35	141804459.64	0	0	97.00	0	0	.56	5569285.14	14.48	9.65	9.40	1.50	1.03
	60811		 15546   	2041189624.38	7826843614.22	8100917.72	246871289.66	241601319.44	7210627.38	40.27	0	97.00	0	0	.26	8100917.72	17.89	17.52	.49	1.01	277.12
	60829		  1420   	3505762401.50	6339119886.50	3883006.00	154294312.50	102822335.00	100159999.00	0	0	97.00	0	0	.55	3883006.00	14.00	9.34	9.10	1.50	1.03
jacLR_3mm_STANDARD
	60852		 13339   	4800756452.28	8557566808.78	5579038.50	218369876.57	145646852.57	141812691.00	0	0	97.00	0	0	.56	5579038.50	14.46	9.64	9.39	1.50	1.03
	60854		 23165   	2070507126.52	8401701894.40	7222711.56	267250843.80	260997848.84	7957131.00	43.04	0	97.00	0	0	.25	7222711.56	18.11	17.70	.51	1.02	178.47
	60872		  9019   	5097558161.44	9087456153.55	5850055.11	231085677.66	154004977.77	149997771.44	0	0	97.00	0	0	.56	5850055.11	14.75	9.83	9.57	1.50	1.03
jacLR_blackscholes
	60895		 10029   	5180723413.00	8780222610.50	6065702.42	235535885.64	156963941.85	153224333.21	0	0	97.00	0	0	.59	6065702.42	15.59	10.38	10.14	1.50	1.02
	60897		 87809   	7907463653.28	5813587802.35	189412.93	15628581.08	24436556.14	4579447.63	37.93	0	97.00	0	0	0	189412.93	1.09	1.70	.31	.68	39.20
	60912		 12695   	5171655791.84	8841522499.46	6008091.00	235159068.00	156626209.46	152924357.69	0	0	97.00	0	0	.58	6008091.00	15.36	10.23	9.99	1.50	1.02
	60920		 12865   	5179851219.61	8917747979.61	5926519.23	235214246.76	156806577.07	152810366.46	0	0	97.00	0	0	.58	5926519.23	15.19	10.13	9.87	1.50	1.03
	60930		 12888   	5173521467.92	8935074774.38	5959978.61	235184407.38	156741881.38	152915551.61	0	0	97.00	0	0	.57	5959978.61	15.16	10.10	9.86	1.50	1.02
	60941		 12892   	5180525951.69	8922410425.23	5924316.30	235180400.76	156575188.69	152809792.15	0	0	97.00	0	0	.58	5924316.30	15.16	10.09	9.85	1.50	1.02
	60951		 12771   	5178673048.46	8900606580.00	5966256.30	235195877.76	156534019.46	152793932.69	0	0	97.00	0	0	.58	5966256.30	15.32	10.20	9.95	1.50	1.02
	60956		  9148   	5570715906.18	8387805437.63	5249623.90	206614546.90	139803853.27	133464489.63	4.27	0	97.00	0	0	.65	5249623.90	14.55	9.83	9.40	1.42	1.42
jacLR_cholesky_STANDARD
	60984		 12949   	4505938806.73	7791536892.73	5304431.00	203784533.53	135802285.53	131538006.60	3.13	0	97.00	0	0	.66	5304431.00	14.44	9.58	9.28	1.53	1.02
	60986		  7435   	13660339696.62	8268118471.62	7776000.00	304984807.00	398178415.37	4030479.12	44.87	0	97.00	0	0	1.65	7776000.00	20.54	26.82	.26	.76	100.33
	61004		  4795   	14406736838.16	8734706651.50	8188406.33	321678348.33	420077555.83	4407405.33	38.83	0	97.00	0	0	1.64	8188406.33	21.31	27.83	.29	.76	95.46
jacLR_durbin_STANDARD
	61070		 13220   	4206927489.18	7663341707.81	4922692.62	191002292.56	127201432.00	124492481.93	2.43	0	97.00	0	0	.63	4922692.62	14.10	9.37	9.17	1.53	1.02
	61072		  8228   	1140943323.44	4144484627.22	10910689.44	72758967.55	55271795.44	6725317.22	36.77	0	97.00	0	0	.28	10910689.44	4.66	3.54	.42	1.30	9.97
	61101		  4047   	963452332.60	3531838517.80	9731731.00	63661442.20	47968284.40	5655339.60	24.60	0	97.00	0	0	.23	9731731.00	5.14	3.96	.40	1.30	11.51
jacLR_ep
	61124		 13214   	4212997561.43	7489089799.00	4810661.93	191009221.00	127338467.75	124353743.56	2.81	0	97.00	0	0	.64	4810661.93	14.08	9.36	9.14	1.52	1.02
	61126		 10870   	6450490433.54	8875471024.63	80895.54	14934056.00	16069680.00	10789514.54	44.27	0	97.00	0	0	.72	80895.54	.96	1.03	.69	.93	1.48
	61144		  2042   	4461257484.00	6147938327.00	52247.66	10498452.66	11468626.00	7445835.66	15.33	0	97.00	0	0	.72	52247.66	.96	1.04	.70	.92	1.48
jacLR_gemm_STANDARD
	61222		 13313   	4803020715.14	8562199926.85	5574519.35	218374932.64	145699127.78	141844986.57	0	0	97.00	0	0	.56	5574519.35	14.48	9.66	9.41	1.50	1.03
	61224		 19798   	2213293862.04	8171469270.86	9695811.86	253046798.86	247154160.09	7532813.90	42.45	0	97.00	0	0	.27	9695811.86	17.60	17.20	.50	1.02	309.71
	61242		  5665   	4796890661.83	8543226431.50	5481737.33	216836196.00	144500941.83	140765042.16	0	0	97.00	0	0	.56	5481737.33	14.68	9.78	9.53	1.50	1.03
jacLR_gramschmidt_STANDARD
	61351		 13142   	4806275101.64	8578589519.57	5675322.00	218280480.42	145875837.42	141694896.28	0	0	97.00	0	0	.55	5675322.00	14.03	9.38	9.11	1.49	1.03
	61353		 14429   	859653700.52	5071470014.58	52505300.76	169383729.64	164637707.82	3244718.17	35.70	0	97.00	0	0	.17	52505300.29	11.50	11.19	.21	1.02	9560.94
	61371		   300   	1427575283.00	2538920090.00	1505396.00	59547317.00	39300255.00	38274878.00	0	0	97.00	0	0	.56	1505396.00	12.70	8.38	8.16	1.52	1.03
jacLR_syrk_STANDARD
	61523		 13862   	4805398063.78	8913819913.28	5285637.21	218373979.35	146131641.35	141849929.92	0	0	97.00	0	0	.53	5285637.21	14.09	9.43	9.15	1.49	1.03
	61525		 30748   	9883657499.31	7980171753.97	1405535.48	154540770.60	154683377.71	26776090.91	42.60	0	97.00	0	0	1.36	1405535.48	11.53	11.54	1.76	1.00	80.76
	61543		 13781   	4805038160.35	8885684900.07	5238800.21	218326573.21	145698071.64	141691801.14	0	0	97.00	0	0	.54	5238800.21	14.18	9.46	9.20	1.50	1.03
	61548		  2511   	4066406658.00	7521790038.66	4396712.33	183329912.66	122327009.33	118915736.66	0	0	97.00	0	0	.54	4396712.33	14.21	9.48	9.22	1.50	1.03
stream_d0_2mm_STANDARD
	62004		  7454   	5478048364.87	7810592301.62	120775.75	160167478.75	160406557.50	155875790.50	0	0	97.00	0	0	.90	120775.75	10.31	10.33	10.04	.99	1.02
	62006		 15195   	2037444150.50	7667782400.61	8876069.27	244717320.50	241299482.55	7355668.22	40.16	0	97.00	0	0	.27	8876069.27	18.32	18.08	.51	1.01	293.39
	62024		  7045   	5339134718.37	7748341825.87	75260.75	159106742.62	159400891.50	154794033.25	0	0	97.00	0	0	.90	75260.75	10.46	10.48	10.18	.99	1.02
stream_d0_3mm_STANDARD
	62047		  7434   	5476357257.62	7822424627.75	201754.25	160188406.62	160447317.87	155892335.25	0	0	97.00	0	0	.89	201754.25	10.33	10.35	10.06	.99	1.02
	62049		 22266   	1915669219.77	7498232714.44	7514515.62	244467031.55	241311828.22	7148139.66	38.92	0	97.00	0	0	.26	7514515.62	18.81	18.60	.49	1.01	1374.18
	62067		  7422   	5477977540.00	7830678282.62	114256.50	160156988.87	160412683.50	155879988.12	0	0	97.00	0	0	.89	114256.50	10.34	10.35	10.06	.99	1.02
	62072		  6049   	5184538277.00	7672722678.85	187470.28	159450658.42	159738939.85	155000324.71	0	0	97.00	0	0	.66	187470.28	11.93	11.95	11.61	.99	1.02
stream_d0_blackscholes
	57136		 87631   	7250600406.33	5257225002.93	113107.75	14401822.86	22545885.86	4212142.35	4.46	0	97.00	0	0	0	113107.75	1.03	1.61	.30	.72	119.44
	57138		  6940   	6257897283.00	8433735010.57	256105.71	183019882.57	183310884.00	178550378.28	37.85	0	97.00	0	0	.75	256105.71	11.74	11.76	11.45	.99	1.02
	57158		  6950   	6273854766.71	8527332861.28	130793.42	183081441.14	183384669.42	178572326.57	32.00	0	97.00	0	0	.75	130793.42	11.74	11.76	11.46	.99	1.02
	57163		  7073   	6284464779.57	8517169953.42	117705.00	183074621.14	183353605.00	178540207.57	35.00	0	97.00	0	0	.74	117705.00	11.62	11.64	11.34	.99	1.02
	57171		  7158   	5480440288.87	7520153212.00	168728.12	160235784.50	160528510.62	156136114.12	36.37	0	97.00	0	0	.64	168728.12	10.22	10.24	9.96	.92	3.95
	57194		  7104   	5481485865.50	7495265490.12	127484.12	160207300.50	160470568.75	156117779.87	36.12	0	97.00	0	0	.64	127484.12	10.23	10.24	9.97	.92	14.46
	57221		  7128   	5480694016.75	7532812239.37	143971.87	160198967.12	160445521.62	156126049.12	36.25	0	97.00	0	0	.64	143971.87	10.23	10.24	9.97	.93	1.91
	57230		  7152   	5480620381.00	7532223205.75	106353.00	160219455.25	160473596.50	156119203.25	36.37	0	97.00	0	0	.64	106353.00	10.22	10.24	9.96	.93	1.58
	57235		  7115   	5479754453.50	7529647651.00	110068.75	160204896.25	160455819.12	156122508.00	36.37	0	97.00	0	0	.64	110068.75	10.23	10.24	9.97	.93	1.44
	57240		  7120   	5479474861.37	7531946871.62	201669.75	160201635.37	160449770.00	156123515.00	36.25	0	97.00	0	0	.64	201669.75	10.23	10.24	9.97	.93	1.49
	57245		  7055   	6262566073.71	8605781792.71	230655.85	183108519.85	183430627.00	178440035.85	39.57	0	97.00	0	0	.73	230655.85	11.64	11.66	11.34	.99	1.02
	57250		  6906   	6267200313.14	8374319666.42	207209.85	183022452.00	183322408.00	178512832.00	32.28	0	97.00	0	0	.76	207209.85	11.78	11.80	11.49	.99	1.02
	57261		  3745   	2563979183.40	3307322603.60	100756.80	74708614.00	75119415.00	72162870.60	14.20	0	97.00	0	0	.66	100756.80	5.36	5.39	5.19	.89	8.25
stream_d0_cholesky_STANDARD
	62096		  7120   	4868056161.88	6753249986.77	96313.00	142344247.44	142562042.33	137970634.33	0	0	97.00	0	0	0	96313.00	9.12	9.14	8.84	.88	.91
	62098		  7118   	13639715292.50	8044362557.12	7708326.50	305010227.12	402274152.50	4772678.50	43.62	0	97.00	0	0	1.71	7708326.50	21.51	28.33	.31	.76	98.88
	62116		  1004   	17712212853.00	9236111413.00	9707390.00	392608424.00	521615130.00	543900.00	34.00	0	65.00	0	0	1.91	9707390.00	25.02	33.25	.03	.75	959.03
stream_d0_durbin_STANDARD
	62182		  7423   	5475196613.37	8062663435.25	163742.00	160139169.00	160412972.87	156210371.37	0	0	97.00	0	0	.87	163742.00	10.36	10.37	10.11	.99	1.02
	62184		  7426   	1074459273.22	3844374845.66	10584099.44	72710641.55	54603582.33	6709133.44	33.66	0	97.00	0	0	0	10584099.44	5.09	3.84	.44	1.17	8.66
	62202		  1003   	5837627495.00	8129001292.00	113043.00	160910743.00	162665982.00	152728283.00	35.00	0	65.00	0	0	.71	113043.00	10.26	10.37	9.74	.99	1.07
stream_d0_ep
	62225		  7348   	5475214318.62	7766782871.25	126196.00	160157537.87	160402928.75	156273954.50	0	0	97.00	0	0	.90	126196.00	10.33	10.35	10.09	.99	1.02
	62227		 10679   	5459738696.69	7497183575.69	57226.23	12479598.07	13419475.84	9154755.84	36.76	0	97.00	0	0	.71	57226.23	.91	.98	.61	.93	1088.66
	62245		  2579   	5063424206.66	7412722109.33	65689.33	151911868.00	152475206.33	147119584.33	0	0	97.00	0	0	.68	65689.33	11.48	11.51	11.13	.99	1.03
stream_d0_gemm_STANDARD
	62312		  7418   	5476069795.50	7799358525.12	241694.87	160172866.00	160417732.87	155911802.62	0	0	97.00	0	0	.90	241694.87	10.33	10.34	10.05	.99	1.02
	62314		 19055   	2113878033.65	7552746993.78	9897924.60	240187742.17	236027503.04	6967112.13	39.08	0	97.00	0	0	.29	9897924.60	18.28	17.99	.48	1.01	295.18
	62332		  7398   	5477872373.87	7799200885.25	129085.37	160186243.00	160449861.12	155887314.87	0	0	97.00	0	0	.90	129085.37	10.35	10.36	10.07	.99	1.02
	62337		  2841   	5560831172.00	8162916125.66	128642.00	167596583.33	168160446.00	161979876.33	0	0	97.00	0	0	.68	128642.00	11.38	11.41	11.00	.99	1.03
stream_d0_gramschmidt_STANDARD
	62457		  7279   	5475337962.87	7814394093.25	131565.50	160153445.12	160444387.37	155950714.50	0	0	97.00	0	0	.90	131565.50	10.31	10.33	10.04	.99	1.02
	62459		 14278   	859191655.29	5023275469.17	53106541.35	167017956.17	164166706.17	3653888.58	36.17	0	97.00	0	0	.17	53106541.94	11.73	11.54	.24	1.01	1676.55
	62477		  6171   	5392764927.28	7947584752.71	183245.42	165773527.00	166076758.85	161272066.42	0	0	97.00	0	0	.68	183245.42	12.02	12.04	11.70	.99	1.02
stream_d0_syrk_STANDARD
	62613		  7835   	5475431877.62	8282255758.37	135458.25	160155169.50	160432237.62	155158810.12	0	0	97.00	0	0	.68	135458.25	10.32	10.34	10.00	.99	1.03
	62615		 29041   	9882724004.62	7534315390.97	1402308.40	154547163.74	154709578.25	31521004.05	40.94	0	97.00	0	0	1.50	1402308.40	12.32	12.33	2.05	1.00	64.11
	62633		  7839   	5475558951.50	8280382367.12	118703.37	160108705.37	160383506.87	155132183.37	0	0	97.00	0	0	.68	118703.37	10.32	10.33	10.00	.99	1.03
	62638		  7833   	5476407648.75	8279164921.00	165755.50	160157042.87	160466327.12	155133605.12	0	0	97.00	0	0	.68	165755.50	10.32	10.34	10.00	.99	1.03
	62643		  4705   	5279943537.00	8274774447.00	188757.60	161482083.40	161872491.00	155988270.80	0	0	97.00	0	0	.63	188757.60	11.01	11.04	10.64	.99	1.04
